-3.28006, 8.32224,-4.76446,3.0,0,275602
-3.78284, 8.82982,-4.61123,3.0,0,275658
-3.90734, 8.78672,-4.03184,3.0,0,275713
-4.04620, 8.88728,-4.52504,3.0,0,275768
-3.83551, 8.85376,-3.24175,3.0,0,275829
-4.02226, 9.26556,-2.96881,3.0,0,275889
-3.89297, 8.10198,-3.25133,3.0,0,275945
-3.90255, 8.51857,-2.81558,3.0,0,276009
-3.78763, 9.63427,-3.35667,3.0,0,276066
-3.41892, 7.35499,-3.03106,3.0,0,276121
-3.56257,10.78827,-4.81235,3.0,0,276176
-3.41413, 7.68539,-2.70066,3.0,0,276238
-4.05099, 8.34140,-3.55778,3.0,0,276297
-3.49553,10.83616,-5.61201,3.0,0,276353
-3.08852, 8.08761,-5.12838,3.0,0,276409
-3.90255, 8.58561,-4.26168,3.0,0,276466
-4.43406, 8.12113,-3.70144,3.0,0,276521
-4.33829, 7.79552,-3.81636,3.0,0,276576
-4.53941, 7.35499,-3.09331,3.0,0,276634
-3.71101, 8.18338,-3.21302,3.0,0,276689
-4.63996, 9.27035,-1.53229,3.0,0,276752
-3.46202, 8.32224,-3.82593,3.0,0,276810
-3.27527, 8.70053,-4.63517,3.0,0,276866
-4.40054,10.29986,-3.32315,3.0,0,276928
-5.11401, 8.90643,-2.58095,3.0,0,276984
-4.25689, 8.08282,-3.06937,3.0,0,277043
-5.88974, 8.67180,-4.72137,3.0,0,277098
-5.96156, 7.32626,-3.39498,3.0,0,277154
-6.90488, 9.39006,-2.50433,3.0,0,277210
-9.27993, 7.20655,-3.76368,3.0,0,277267
-11.38204, 6.30154,-3.48117,7.0,0,277323
-12.88559, 6.73250,-1.79086,7.0,0,277382
-12.75631, 4.92248, 0.25379,7.0,0,277438
-10.61589, 7.12514,-0.80445,7.0,0,277494
-7.54174, 5.51624,-1.78129,7.0,0,277549
-6.07170, 6.00945,-2.72460,7.0,0,277605
-5.27682, 5.11401,-3.61046,7.0,0,277661
-5.00867, 4.72615,-3.64876,7.0,0,277721
-4.54419, 3.70144,-2.65756,7.0,0,277779
-7.42203, 3.72538,-2.00634,7.0,0,277834
-11.08994, 3.41892,-0.74220,7.0,0,277890
-11.76511, 3.20823, 0.14844,7.0,0,277945
-10.39562, 1.72861, 1.49877,7.0,0,278002
-9.39964, 1.66158, 1.47483,7.0,0,278059
-9.92157, 1.89621, 2.71502,6.0,0,278115
-10.21845, 2.26013, 2.27928,6.0,0,278170
-9.48583, 2.14520, 2.14999,6.0,0,278225
-8.81066, 2.29365, 1.43173,6.0,0,278287
-9.07402, 2.53785, 1.28808,6.0,0,278343
-8.99262, 1.55623, 1.57538,6.0,0,278398
-10.75475, 1.96803, 1.36469,6.0,0,278453
-10.50097, 1.66158, 2.01113,6.0,0,278514
-10.54406, 1.47004, 1.23062,6.0,0,278570
-10.36211, 0.50757, 2.24097,6.0,0,278626
-10.22803, 1.11570, 1.26414,6.0,0,278681
-11.24796, 1.21625, 0.89064,6.0,0,278736
-11.72680, 1.35033, 0.59855,6.0,0,278797
-11.47301, 1.32639, 0.09098,6.0,0,278852
-10.58716, 2.31280,-0.33519,6.0,0,278912
-9.22246, 2.63841, 1.63763,6.0,0,278967
-9.75398, 4.00311,-1.49877,6.0,0,279030
-8.06367, 3.32315,-0.56503,6.0,0,279090
-9.39964, 2.00155,-0.67038,6.0,0,279147
-9.60075, 3.94086,-3.74932,7.0,0,279210
-10.35253, 6.14831,-0.73263,7.0,0,279311
-10.43393, 5.88016,-0.06225,7.0,0,279369
-9.14106, 4.44364, 0.03352,7.0,0,279425
-9.89763, 4.64954,-0.09098,7.0,0,279481
-8.11634, 3.65834, 0.86670,7.0,0,279540
-9.30866, 3.69186,-0.94810,7.0,0,279599
-9.64863, 3.68707,-1.98240,7.0,0,279656
-15.30374,-4.41012,-16.61576,7.0,0,279712
-6.61757, 4.81235,-3.36625,7.0,0,279768
-7.64229, 4.99909,-1.99676,7.0,0,279824
-7.34541, 6.15310,-2.87783,7.0,0,279881
-8.49942, 5.77003,-1.53708,7.0,0,279939
-5.21936, 6.81390,-4.45322,3.0,0,279996
-6.11958, 6.90488,-0.91459,3.0,0,280052
-6.40688, 8.17380,-3.28963,3.0,0,280107
-6.43083, 7.98227,-2.71981,3.0,0,280163
-6.42604, 8.72447,-3.61524,3.0,0,280218
-4.66391, 7.92002,-0.35434,3.0,0,280275
-5.60722, 9.72525,-4.04141,3.0,0,280333
-5.18584, 8.09719,-1.47004,3.0,0,280388
-5.54018, 6.89530,-3.16992,3.0,0,280449
-5.63595, 8.37971,-3.09810,3.0,0,280504
-4.09887,-4.98473,-4.39097,7.0,0,280562
-7.58483, 3.37582,-1.84354,7.0,0,280617
-8.30788, 5.61680,-4.35745,7.0,0,280674
-8.02058, 5.45399,-0.81403,7.0,0,280730
-9.05008, 6.53138,-0.31603,7.0,0,280785
-9.92636, 7.48427,-0.20590,7.0,0,280845
-9.95988, 7.57525,-0.11013,7.0,0,280900
-9.72525, 6.30633,-0.42617,7.0,0,280961
-9.00699, 6.14831,-1.53708,7.0,0,281017
-8.90164, 4.64475,-1.69509,7.0,0,281074
-9.22246, 4.48195, 1.81002,7.0,0,281136
-7.18261, 7.16824, 1.71904,6.0,0,281191
-8.94953, 5.14753,-0.70390,7.0,0,281917
-9.43316, 6.30633,-0.54109,7.0,0,281973
-9.58160, 6.11958,-0.98162,7.0,0,282029
-8.80587, 5.58328,-1.02472,7.0,0,282088
-8.72926, 5.09486,-0.63207,7.0,0,282143
-8.62870, 4.89854,-0.81403,7.0,0,282201
-8.13071, 4.64475,-0.45011,7.0,0,282307
-8.55209, 4.95121,-0.49799,7.0,0,282365
-8.47547, 5.12838,-0.46926,7.0,0,282421
-8.36534, 5.04219,-0.89064,7.0,0,282476
-8.23605, 5.32470,-0.64165,7.0,0,282532
-8.32224, 5.51624,-1.13006,7.0,0,282599
-8.44674, 5.66468,-0.92416,7.0,0,282655
-8.48026, 6.22014,-0.89543,7.0,0,282712
-8.41323, 5.72693,-0.94810,7.0,0,282771
-8.22169, 4.46758,-1.24977,7.0,0,282881
-9.64863, 5.59285,-1.32160,7.0,0,282943
-9.34218, 4.75488,-0.90980,7.0,0,283001
-9.27514, 4.69264,-0.90022,7.0,0,283058
-8.90643, 4.58250,-0.74220,7.0,0,283113
-9.02135, 4.99909,-0.52194,7.0,0,283173
-8.81545, 5.04219,-0.55067,7.0,0,283228
-8.91122, 4.86502,-0.63207,7.0,0,283286
-8.86333, 4.79319,-1.00078,7.0,0,283341
-8.79630, 4.65912,-1.18752,7.0,0,283405
-9.03093, 4.79798,-1.45567,7.0,0,283460
-9.00220, 4.70221,-1.41737,7.0,0,283523
-8.69095, 4.46279,-0.99599,7.0,0,283584
-8.73884, 5.02782,-1.23062,7.0,0,283639
-8.77714, 4.87938,-0.75178,7.0,0,283696
-8.65743, 5.02782,-0.73741,7.0,0,283752
-8.94474, 4.88896,-1.11570,7.0,0,284474
-8.96868, 4.97994,-0.89543,7.0,0,284532
-8.83460, 4.80277,-1.13964,7.0,0,284624
-8.99741, 4.55377,-0.93374,7.0,0,284684
-8.68138, 4.75488,-1.02472,7.0,0,284754
-8.42759, 4.83150,-1.47004,7.0,0,284818
-8.63828, 5.02304,-1.02472,7.0,0,284874
-8.92080, 5.52582,-1.28329,7.0,0,284929
-8.79630, 5.34865,-1.35512,7.0,0,284984
-8.77236, 5.16669,-1.26414,7.0,0,285044
-8.62870, 5.09965,-1.20189,7.0,0,285103
-8.58561, 5.14275,-1.24498,7.0,0,285161
-8.72926, 5.09486,-1.07739,7.0,0,285221
-8.73884, 5.11880,-1.01993,7.0,0,285276
-8.67180, 5.06134,-0.90022,7.0,0,285332
-8.63349, 5.05177,-0.91937,7.0,0,285392
-8.63828, 5.11401,-1.01993,7.0,0,285455
-8.80109, 4.97515,-1.04387,7.0,0,285513
-8.71968, 5.15711,-1.04387,7.0,0,285572
-8.72926, 5.10444,-1.07260,7.0,0,285635
-8.67659, 4.92248,-0.99599,7.0,0,285695
-8.73405, 5.01346,-0.97205,7.0,0,285753
-8.82024, 5.02304,-0.81403,7.0,0,285810
-8.78193, 4.87938,-1.00078,7.0,0,285866
-8.66222, 5.09486,-1.00556,7.0,0,285921
-8.73405, 5.11401,-1.10612,7.0,0,285980
-8.89207, 4.98952,-0.98162,7.0,0,286035
-9.04051, 5.04219,-1.04387,7.0,0,286094
-8.95431, 4.94163,-1.00556,7.0,0,286149
-8.93516, 4.83629,-0.90022,7.0,0,286204
-8.95431, 4.80277,-0.79009,7.0,0,286259
-9.23204, 4.58250,-0.76136,7.0,0,286315
-9.19373, 4.58250,-1.16837,7.0,0,286375
-8.87770, 4.18985,-0.97683,7.0,0,286430
-8.48505, 4.04141,-1.44610,7.0,0,286492
-8.42759, 4.51546,-1.52750,7.0,0,286547
-8.86333, 4.66391,-1.23541,7.0,0,286607
-8.17859, 4.83150,-1.23541,7.0,0,286663
-9.01178, 5.33428,-1.34075,7.0,0,286718
-9.54808, 4.94642,-1.19231,7.0,0,286776
-9.32302, 4.60644,-0.46926,7.0,0,286839
-8.61913, 4.48673,-0.51715,7.0,0,286900
-9.40442, 4.11803, 0.29688,7.0,0,286957
-9.82580, 4.14676, 0.66559,7.0,0,287013
-8.85376, 4.63039, 0.11492,7.0,0,287069
-9.43316, 5.01346,-0.12929,7.0,0,287125
-8.26957, 5.65989,-0.86670,7.0,0,287181
-8.50899, 5.24330,-0.99120,7.0,0,287239
-8.89685, 4.95121,-0.95768,7.0,0,287298
-8.76757, 4.96079,-0.98641,7.0,0,287355
-8.88728, 4.62560,-0.83797,7.0,0,287422
-8.86812, 4.51546,-0.92895,7.0,0,287478
-8.99262, 4.60644,-0.88107,7.0,0,287536
-9.16979, 4.37181,-0.72305,7.0,0,287592
-8.93516, 4.50589,-1.10612,7.0,0,287652
-8.94474, 4.80277,-1.07739,7.0,0,287708
-9.18895, 4.82192,-0.87149,7.0,0,287768
-9.11233, 5.02304,-1.09654,7.0,0,287824
-8.77714, 4.69264,-0.80924,7.0,0,287887
-9.18895, 4.74052,-1.01514,7.0,0,287947
-9.04529, 5.08528,-0.99599,7.0,0,288006
-9.00220, 4.72137,-1.01993,7.0,0,288062
-9.05008, 4.75010,-0.95768,7.0,0,288118
-9.04529, 4.53941,-0.82839,7.0,0,288175
-8.98783, 4.60644,-0.91937,7.0,0,288235
-8.86812, 4.55377,-0.92895,7.0,0,288295
-8.93516, 4.58729,-0.78530,7.0,0,288350
-9.02135, 4.70700,-0.85234,7.0,0,288406
-8.87291, 4.57771,-0.99599,7.0,0,288462
-8.90164, 4.56814,-0.90501,7.0,0,288518
-9.00220, 4.70700,-0.91459,7.0,0,288576
-8.94474, 4.72615,-0.93374,7.0,0,288633
-8.92080, 4.81713,-0.96247,7.0,0,288688
-9.05008, 4.82671,-1.02472,7.0,0,288744
-9.02135, 4.86502,-0.91459,7.0,0,288799
-8.84897, 4.64954,-1.00078,7.0,0,288858
-8.93516, 4.88896,-1.00556,7.0,0,288914
-8.92558, 4.77883,-0.92416,7.0,0,288970
-9.02614, 4.82192,-0.98641,7.0,0,289025
-9.04051, 4.81235,-0.94810,7.0,0,289081
-9.03572, 4.77404,-1.01035,7.0,0,289142
-9.01178, 4.50110,-1.01514,7.0,0,289197
-9.15543, 4.70700,-0.95289,7.0,0,289253
-8.83939, 4.62560,-1.20189,7.0,0,289308
-9.02135, 4.65433,-1.11570,7.0,0,289364
-9.16022, 4.82671,-1.09176,7.0,0,289420
-8.90164, 4.60644,-1.18752,7.0,0,289476
-8.87770, 4.66391,-1.03908,7.0,0,289535
-9.03572, 4.79798,-0.88585,7.0,0,289600
-8.90164, 4.84586,-0.92895,7.0,0,289656
-8.82024, 4.70700,-0.99120,7.0,0,289713
-8.83939, 4.67827,-0.93374,7.0,0,289770
-9.04529, 4.66391,-1.03430,7.0,0,289829
-8.86333, 4.64954,-1.14922,7.0,0,289884
-8.99262, 4.48673,-1.01514,7.0,0,289942
-9.02614, 4.43406,-1.23541,7.0,0,289997
-9.04529, 4.66391,-1.24977,7.0,0,290053
-8.94953, 4.25210,-0.60334,7.0,0,290111
-8.94474, 4.84108,-1.46525,7.0,1,290166
-8.92080, 4.60644,-0.67038,7.0,1,290222
-8.58561, 4.72137,-1.28329,7.0,1,290280
-8.88728, 4.64475,-0.39744,7.0,1,290336
-8.79630, 4.41970,-1.17316,7.0,1,290393
-8.99741, 4.39097,-0.79009,7.0,1,290448
-7.53216, 4.52504,-1.42694,7.0,1,290504
-5.34865, 2.48518,-1.57060,7.0,1,290562
-8.18817, 3.28484,-0.69911,7.0,1,290618
-19.61330, 4.04620, 5.21936,7.0,1,290675
-16.41465, 6.25365, 4.12282,7.0,1,290730
-3.64398, 0.61770,-0.65122,7.0,1,290794
 3.38061,-4.22816,-2.57137,1.0,1,290850
 1.02472, 3.59130,-3.67749,1.0,1,290905
-12.78025,19.61091, 4.20901,3.0,1,290960
-12.02847,19.61091, 1.88184,3.0,1,291016
 2.89698,-0.81403,-3.05021,3.0,1,291072
 8.31746,-2.05422,-1.58017,5.0,1,291127
 5.98072,-3.46680,-4.21858,5.0,1,291197
-17.64527,19.61091, 0.82839,3.0,1,291252
-19.61330,19.61091, 3.03585,3.0,1,291308
-1.37906,-1.27372,-2.26013,3.0,1,291369
 1.71425,-8.06367, 0.00000,0.0,1,291427
 4.06057,-2.26970, 0.92895,5.0,1,291508
 1.18274,19.61091, 4.18985,3.0,1,291585
-3.95043,19.59415,-3.42850,3.0,1,291673
 3.25133,-0.61770, 2.55222,2.0,1,291728
12.15776,-3.15077,-7.97269,5.0,1,291783
 1.14922, 3.88818,-0.83797,2.0,1,291839
-19.61330,19.61091, 9.44752,2.0,1,291894
-14.73392,13.77624,-4.87459,2.0,1,291954
-2.77249,-13.53682, 1.67594,1.0,1,292021
 0.16281,-11.20008, 0.11492,1.0,1,292095
-1.36948,19.61091, 1.29287,3.0,1,292159
-11.51611,19.61091, 3.77326,3.0,1,292217
-5.99029,19.12967, 2.01592,3.0,1,292274
 1.70946,-7.13472,-0.99599,1.0,1,292330
-1.01993,-10.89841, 1.76213,0.0,1,292385
-2.76770,-7.62314, 4.93206,0.0,1,292440
-9.46667,19.50317, 7.58483,2.0,1,292498
-19.35951,19.61091,-3.01191,2.0,1,292553
-4.20422,13.93904,-5.63595,2.0,1,292610
 6.13873,-19.61330,19.61091,0.0,1,292669
 6.31112, 1.99676, 0.59855,5.0,1,292742
-19.61330,19.61091,14.65251,2.0,1,292802
-14.57111,19.61091, 4.10366,2.0,1,292858
 2.24097, 2.69587,-0.30167,2.0,1,292914
12.45943,-5.11401,-7.20176,5.0,1,292969
 4.18028,-12.29662,-1.13964,1.0,1,293025
-14.01087, 6.97192, 4.32872,6.0,1,293081
-19.61330,19.61091,12.02847,6.0,1,293136
 3.38540, 7.51300,-8.71489,3.0,1,293223
 5.39653,-8.24563,-1.57538,5.0,1,293279
 4.32872,-0.48363,-0.39265,5.0,1,293338
-0.40701,11.32936, 1.39821,3.0,1,293393
-9.41400,19.61091, 4.01747,3.0,1,293468
-5.75087,13.39795, 0.67995,3.0,1,293524
 8.94953,-1.61848,-4.70700,5.0,1,293580
-6.91924, 4.85065,-5.00388,7.0,0,294201
-8.56645, 7.42681,-1.95367,7.0,0,294261
-10.59195, 4.01747, 1.29766,7.0,0,294316
-8.20253, 3.00712, 1.09654,7.0,0,294406
-7.58962, 3.97437,-3.23696,7.0,0,294464
-8.68138, 2.63841, 0.79487,7.0,0,294520
-7.70933, 2.50433,-0.20590,7.0,0,294583
-8.37492, 5.44441,-1.47004,7.0,0,294649
-10.05086, 5.87537,-0.90501,7.0,0,294714
-9.15543, 6.89051,-1.54187,7.0,0,294772
-8.20732, 4.91769,-1.13485,7.0,0,294827
-9.04051, 5.16669,-1.67115,7.0,0,294890
-8.80109, 6.13873,-1.70467,7.0,0,294951
-8.41323, 5.65510,-1.77171,7.0,0,295006
-9.36133, 4.72137,-1.43652,7.0,0,295063
-9.07402, 4.30956,-1.29766,7.0,0,295118
-8.97347, 3.18429,-0.94332,7.0,0,295183
-8.87770, 4.00311,-0.86670,7.0,0,295242
-9.03572, 3.93607,-0.90501,7.0,0,295309
-8.91122, 4.31435,-0.85234,7.0,0,295365
-9.16022, 4.67348,-0.95289,7.0,0,295420
-9.17937, 4.56814,-0.75657,7.0,0,295476
-9.07402, 4.83150,-1.09654,7.0,0,295532
-9.11712, 5.06613,-1.35991,7.0,0,295591
-9.12670, 5.04219,-1.06303,7.0,0,295646
-8.96389, 5.01825,-1.49398,7.0,0,295710
-8.91601, 4.51546,-1.44610,7.0,0,295768
-9.44752, 4.11324,-0.92416,7.0,0,295824
-9.02135, 4.60166,-1.58017,7.0,0,295881
-8.71011, 3.76368,-1.12049,7.0,0,295936
-8.82024, 4.17549,-1.32639,7.0,0,295992
-9.03572, 4.79798,-1.24498,7.0,0,296049
-9.07402, 4.97515,-1.09176,7.0,0,296105
-8.93037, 5.08528,-1.34554,7.0,0,296160
-8.80587, 5.10923,-1.12527,7.0,0,296222
-8.65743, 4.48673,-1.44610,7.0,0,296286
-8.67180, 4.78362,-0.70390,7.0,0,296343
-8.89685, 4.39575,-0.92416,7.0,0,296400
-9.40442, 4.52025,-0.93374,7.0,0,296459
-8.92558, 4.04141,-1.47962,7.0,0,296515
-8.93037, 4.27126,-0.93374,7.0,0,296572
-9.02135, 4.59208,-1.58496,7.0,0,296628
-9.21768, 4.95121,-1.00556,7.0,0,296690
-8.89685, 4.45322,-1.25935,7.0,0,296746
-9.02614, 4.87938,-0.97205,7.0,0,296802
-9.04529, 4.50589,-1.14922,7.0,0,296858
-9.11712, 4.51068,-1.11570,7.0,0,296919
-9.01178, 4.39097,-1.29287,7.0,0,296974
-8.97826, 4.80277,-0.98162,7.0,0,297037
-8.42280, 3.49553,-0.97683,7.0,1,297102
-7.28795, 5.22894,-1.69031,7.0,1,297157
-6.12916, 2.58095, 0.25379,7.0,1,297214
-12.52168, 5.41090,-3.40934,7.0,1,297289
-19.61330, 1.14443, 6.19141,7.0,1,297345
-9.48583, 7.00543,-0.34955,7.0,1,297408
-1.76213, 1.98240,-1.29766,3.0,1,297463
-6.37815, 7.04853,-5.09486,3.0,1,297520
-6.26323,13.99171,-0.57940,3.0,1,297575
-9.33260, 2.61447, 2.66714,6.0,1,297632
-0.44053, 1.66158, 6.57927,2.0,1,297688
-10.98939, 0.70390,-1.06781,7.0,1,297744
-4.08451, 6.40688,-0.84755,3.0,1,297800
 1.12049, 6.89530,-19.61330,3.0,1,297858
-0.53151,19.61091, 1.35512,3.0,1,297916
-19.61330,19.61091, 8.06846,3.0,1,297972
-19.61330,19.61091,11.58315,3.0,1,298027
-16.18959,-7.15387, 1.18752,3.0,1,298087
-9.57681,-19.61330,-6.11000,3.0,1,298149
-3.04542,-18.50239, 0.37828,3.0,1,298204
 0.73741, 2.08774, 0.64643,1.0,1,298262
-19.61330,19.61091,15.57189,2.0,1,298317
-10.32859,19.61091, 2.69587,2.0,1,298373
15.55752, 2.45645,-6.67025,4.0,1,298436
18.09059, 0.77572,-7.68539,4.0,1,298493
 1.18752, 9.43316, 3.54821,2.0,1,298550
-19.61330,19.61091, 7.51300,2.0,1,298612
-19.61330,19.61091, 4.35266,2.0,1,298668
-8.96868,-3.35667,-2.92093,7.0,1,298724
-1.78607,-19.12967,-2.56180,0.0,1,298781
-5.07092,-19.61330,-2.76291,0.0,1,298842
-2.65278,-5.85622,-1.82438,0.0,1,298898
-19.61330,19.61091,11.09473,6.0,1,298954
-19.61330,19.61091, 2.73897,6.0,1,299013
12.61265,12.05720, 3.46680,6.0,1,299072
18.53112, 4.59208,-9.94551,6.0,1,299127
 3.47159, 2.82995, 1.87705,5.0,1,299191
-19.61330,19.61091, 4.62081,2.0,1,299254
-19.61330,17.96130, 7.49864,2.0,1,299312
-6.54575,-3.59130,-10.19451,7.0,1,299368
 2.58574,-19.54626,-0.99599,0.0,0,299435
 1.69031,-9.47625,-3.46680,1.0,1,299493
-8.43238,11.22881, 0.86670,3.0,1,299549
-19.61330,19.61091, 3.96480,3.0,1,299623
-0.13886,15.60062, 2.70066,3.0,1,299680
14.58548, 1.49877,-3.27048,5.0,1,299736
 9.76834, 0.45969,-4.38618,5.0,1,299792
-1.21625,-1.16837, 3.51469,4.0,1,299848
-19.61330,18.21988, 9.11712,6.0,1,299909
-18.38747,19.61091,-5.74608,6.0,1,299973
 4.92727,-6.04775, 1.64242,4.0,1,300029
 9.16500,-3.41413,-9.30387,5.0,1,300085
 5.17626,-6.43561, 2.74376,4.0,1,300140
-10.74518,19.61091, 1.62806,2.0,1,300199
-19.61330,19.61091, 7.82425,2.0,1,300254
-5.02304,12.77546, 4.27126,2.0,1,300314
 8.59997,-4.49152,-6.08127,5.0,1,300370
 5.17148,-5.83228, 1.17316,5.0,1,300428
-1.40300, 2.07338,-0.85712,1.0,1,300496
-12.12424, 6.12437,-0.97683,7.0,1,300553
-19.61330, 7.16824, 4.77883,7.0,0,300610
-10.95108,15.40908,-4.34787,7.0,0,300668
-0.30646, 5.46836, 1.70946,2.0,0,300727
 0.54109, 3.56736,-0.57461,2.0,0,300792
-11.78426,12.14339,-1.43173,2.0,0,300850
-14.93982, 9.89284, 6.58405,2.0,0,300910
-5.99987, 4.82671,-6.97670,7.0,0,300965
-5.05177,10.31901,-1.44131,3.0,0,301021
-8.94953, 6.62236, 0.33519,3.0,0,301077
-13.08192, 1.75734, 2.36547,7.0,0,301136
-8.28873, 2.73418, 1.75256,6.0,0,301198
-9.75398, 4.29041,-1.61848,6.0,0,301256
-7.11557, 4.63517,-0.09098,6.0,0,301321
-6.91445, 4.26647,-0.91937,6.0,0,301377
-7.63750, 4.83629,-1.17316,6.0,0,301442
-9.48583, 5.32470,-1.94409,6.0,0,301502
-9.63906, 7.83862,-1.61369,6.0,0,301557
-8.46111, 6.79953,-2.59053,7.0,0,301612
-7.75721, 6.11479,-1.17316,7.0,0,301668
-6.34463, 6.16746,-0.74699,7.0,0,301759
-8.56645, 5.91368,-0.55067,7.0,0,301815
-10.60153, 6.35421,-1.05345,7.0,0,301871
-9.78271, 5.05177,-0.90501,7.0,0,301927
-9.96467, 3.57694,-0.65122,7.0,0,301982
-9.12191, 3.28484,-0.26336,7.0,0,302042
-6.89530, 2.40378,-0.58897,7.0,0,302097
-7.55610, 5.13317, 0.02873,7.0,0,302159
-11.94707, 6.25365, 1.59454,7.0,0,302215
-10.21845, 5.12838, 0.79009,7.0,0,302270
-9.26077, 5.75087, 0.01437,7.0,0,302328
-8.27915, 6.44519,-0.41659,7.0,0,302383
-8.54730, 5.14275,-0.70868,7.0,0,302439
-8.97826, 4.30956,-0.60334,7.0,0,302494
-8.97347, 3.56736,-0.50757,7.0,0,302555
-8.97347, 3.61524,-1.28808,7.0,0,302610
-8.92558, 3.21302,-0.89064,7.0,0,302672
-9.12670, 4.33351,-1.56102,7.0,0,302736
-9.41400, 2.45166,-2.43251,7.0,0,302794
-9.22725, 5.06134,-1.83875,7.0,0,302849
-8.89207, 5.88974,-2.00155,7.0,0,302905
-7.92481, 4.97994,-1.65200,7.0,0,302964
-9.73961, 5.47315,-0.08140,7.0,0,303019
-9.43794, 5.25288,-1.97761,7.0,0,303081
-8.55209, 2.59053,-2.15478,7.0,0,303136
-9.62469, 3.69665,-0.90980,7.0,0,303192
-9.76355, 5.00867,-0.69432,7.0,0,303249
-8.24563, 4.41012,-1.21625,7.0,0,303305
-8.89685, 4.87459,-0.11492,7.0,0,303360
-9.66779, 5.06134, 0.48842,7.0,0,303417
-9.19373, 4.87938, 0.24421,7.0,0,303478
-8.49463, 3.96480,-0.25379,7.0,0,303536
-8.08761, 5.19542,-0.68474,7.0,0,303591
-9.17458, 4.76925,-0.27773,7.0,0,303648
-10.48182, 4.31914, 0.59855,7.0,0,303704
-8.48505, 4.04620,-1.47004,7.0,0,303759
-8.09719, 4.66391,-1.09654,7.0,0,303814
-9.23204, 5.25767,-0.22027,7.0,0,303870
-9.29429, 5.83706,-0.99599,7.0,0,303926
-9.77313, 5.39174,-0.67038,7.0,0,303988
-8.52815, 4.82192,-0.32082,7.0,0,304043
-9.23204, 4.71179,-0.34477,7.0,0,304105
-6.54575, 4.04620,-0.33998,7.0,0,304160
-10.86010, 4.98952, 0.09098,7.0,0,304216
-10.05565, 3.91691, 1.74298,7.0,0,304274
-10.76912, 3.88340, 1.25935,7.0,0,304330
-9.81144, 5.29597, 0.29209,7.0,0,304385
-10.37168, 4.81713,-0.11492,7.0,0,304440
-10.07001, 3.15077, 0.69911,7.0,0,304501
-9.18895, 1.37427, 2.60489,6.0,0,304560
-6.85221, 3.56736, 0.49799,6.0,0,304617
-6.17225, 4.86981,-0.31603,6.0,0,304673
-7.31668, 5.06134,-2.52828,7.0,0,304731
-9.17458, 6.66546,-0.49321,7.0,0,304787
-10.39084,10.24239,-0.93374,7.0,0,304843
-8.95431, 4.06535,-0.71347,7.0,0,304901
-7.69975, 9.65821,-2.28407,7.0,0,304957
-7.75243, 9.72046,-2.50912,7.0,0,305012
-9.91678, 8.92080,-1.78129,7.0,0,305067
-14.25508, 4.61123, 2.72939,7.0,0,305136
-10.31422, 2.15957, 1.10612,7.0,0,305194
-9.73482, 3.63919,-0.45490,7.0,0,305257
-6.16746, 7.82425,-1.75734,7.0,0,305978
-7.48427, 7.25443,-2.14042,7.0,0,306036
-9.68694, 6.29196,-1.81959,7.0,0,306091
-9.75398, 6.61757,-0.53630,7.0,0,306151
-11.16656, 4.68785, 0.00479,7.0,0,306207
-12.62702, 4.01268, 1.87705,7.0,0,306263
-10.88404, 3.03585, 1.68073,7.0,0,306318
-8.30788, 4.19464, 0.67995,7.0,0,306374
-8.00621, 3.29921, 0.65122,7.0,0,306429
-8.51378, 3.18908, 0.77093,7.0,0,306485
-8.49942, 3.46202, 0.61770,7.0,0,306540
-7.36935, 4.79319,-0.45011,7.0,0,306603
-8.27915, 5.43963,-1.50835,7.0,0,306665
-9.22725, 5.98550,-1.27850,7.0,0,306725
-9.70131, 6.27281,-2.74376,7.0,0,306781
-8.18817, 5.34865,-2.35589,7.0,0,306837
-8.91601, 6.44040,-2.65278,7.0,0,306892
-8.88249, 7.39329,-2.59531,7.0,0,306950
-9.46667, 6.08606,-0.53630,7.0,0,307005
-10.15141, 3.91691,-2.32238,7.0,0,307061
-7.77637, 1.68073,-0.20111,7.0,0,307117
-8.66701, 3.98395,-0.39744,7.0,0,307172
-9.44273, 6.40688,-0.79966,7.0,0,307229
-9.04051, 4.11803, 0.08140,7.0,0,307287
-8.80109, 4.69742,-0.58897,7.0,0,307342
-9.05966, 4.55856,-0.93853,7.0,0,307399
-8.83460, 4.34308,-0.61292,7.0,0,307454
-9.90242, 4.48195,-0.90501,7.0,0,307510
-9.27514, 4.14676,-1.14922,7.0,0,307571
-9.34218, 4.84586,-1.30245,7.0,0,307626
-9.38527, 4.16591,-0.85712,7.0,0,307689
-10.05565, 3.96959,-1.29287,7.0,0,307749
-9.36133, 3.81636,-1.91536,7.0,0,307804
-9.34218, 3.35188,-2.06859,7.0,0,307861
-9.37091, 3.66313,-1.53229,7.0,0,307917
-9.61511, 3.60088,-1.17795,7.0,0,307974
-9.01178, 3.77326,-0.90980,7.0,0,308030
-9.37091, 4.00789,-0.81403,7.0,0,308086
-9.07402, 3.81157,-1.03430,7.0,0,308143
-9.24641, 4.24253,-1.02472,7.0,0,308199
-9.42837, 3.98395,-1.00078,7.0,0,308255
-9.62469, 3.65834,-0.75178,7.0,0,308313
-8.73405, 3.50511,-1.29287,7.0,0,308368
-9.41879, 3.77326,-0.91937,7.0,0,308425
-9.39006, 3.35667,-1.31202,7.0,0,308480
-9.02614, 3.26569,-0.89064,7.0,0,308537
-5.41568, 3.05500,-1.59933,7.0,0,308597
-7.53695, 1.41258,-0.70390,7.0,0,308653
-2.17872, 2.03028,-3.10289,7.0,1,308713
-19.61330, 2.37026, 9.61033,7.0,1,308768
-16.39549, 7.18739, 1.24020,7.0,1,308827
-5.65032, 3.04064, 0.29688,6.0,1,308883
-1.57538, 6.93840,-5.67426,3.0,1,308940
-4.79319, 3.23217,-7.63750,7.0,1,309006
-5.13317,-1.13964,-1.09176,7.0,1,309062
-10.54406,19.61091,15.34683,6.0,1,309125
-3.20823,19.61091,-2.23618,6.0,1,309191
-0.19154, 3.03585,-9.33739,1.0,0,3672
 0.12929, 3.04542,-9.54329,1.0,0,3730
-0.45969, 2.33674,-9.74440,1.0,0,3788
-0.09098, 2.46124,-9.62948,1.0,0,3844
-0.24900, 2.24576,-9.60075,1.0,0,3899
-0.39744, 2.26970,-9.22725,1.0,0,3955
 0.06704, 2.04465,-11.03248,1.0,0,4010
 0.20590, 1.94888,-9.42837,1.0,0,4066
 0.50278, 1.74298,-9.60075,1.0,0,4125
 0.53151, 1.79565,-9.64863,1.0,0,4181
 0.47405, 1.59454,-9.65821,1.0,0,4237
 0.46926, 1.90578,-9.69173,1.0,0,4292
 0.45490, 1.52271,-9.39006,1.0,0,4351
 0.51715, 1.85790,-9.64863,1.0,0,4408
 0.51236, 1.55623,-9.55765,1.0,0,4463
 0.35434, 2.24576,-9.72046,1.0,0,4518
 0.32561, 2.08296,-9.77313,1.0,0,4575
 0.19154, 1.77650,-9.53850,1.0,0,4638
 0.06225, 2.44209,-9.79707,1.0,0,4693
 0.10534, 1.42216,-9.64863,1.0,0,4751
 0.40701, 2.33674,-9.76355,1.0,0,4807
 0.21069, 1.72861,-9.47146,1.0,0,4864
 0.43574, 2.60968,-9.68215,1.0,0,4922
 0.49799, 2.09732,-9.42358,1.0,0,4979
 0.50757, 2.23140,-9.52413,1.0,0,5034
 0.47405, 2.32716,-9.52413,1.0,0,5090
 0.41180, 2.09253,-9.50498,1.0,0,5149
 0.31603, 2.21224,-9.50498,1.0,0,5204
 0.42617, 2.20745,-9.57681,1.0,0,5265
 0.50278, 2.06859,-9.56723,1.0,0,5320
 0.54109, 2.19788,-9.58638,1.0,0,5377
 0.49799, 2.28407,-9.51456,1.0,0,5434
 0.41180, 2.46603,-9.50019,1.0,0,5490
 0.38307, 2.33195,-9.60075,1.0,0,5545
 0.38307, 2.14042,-9.37091,1.0,0,5601
 0.38307, 2.39899,-9.57681,1.0,0,5660
 0.35913, 2.11169,-9.55765,1.0,0,5716
 0.29209, 2.43251,-9.76834,1.0,0,5778
 0.27773, 2.14520,-9.60554,1.0,0,5837
 0.33040, 2.34632,-9.58160,1.0,0,5892
 0.35913, 2.35111,-9.50977,1.0,0,5949
 0.24421, 2.49955,-9.50977,1.0,0,6004
 0.28730, 2.29843,-9.38048,1.0,0,6061
 0.22505, 2.30801,-9.51456,1.0,0,6124
 0.27773, 2.27449,-9.61990,1.0,0,6185
 0.59376, 2.18351,-9.63427,1.0,0,6240
 0.29688, 2.32238,-9.67257,1.0,0,6297
 0.26336, 2.40378,-9.59117,1.0,0,6354
 0.39744, 2.62405,-9.46189,1.0,0,6411
 0.33998, 2.16436,-9.44752,1.0,0,6466
 0.27773, 2.83952,-9.57681,1.0,0,6521
 0.25379, 2.32716,-9.50498,1.0,0,6581
 0.24421, 2.65756,-9.54808,1.0,0,6636
 0.19154, 2.71981,-9.39485,1.0,0,6694
 0.27294, 2.39420,-9.44273,1.0,0,6749
 0.13886, 2.63841,-9.48583,1.0,0,6804
 0.06704, 2.44687,-9.59596,1.0,0,6866
 0.26336, 2.71024,-9.59117,1.0,0,6924
 0.14844, 2.81558,-9.44752,1.0,0,6982
 0.11971, 2.57137,-9.61033,1.0,0,7037
 0.33040, 2.43251,-9.45231,1.0,0,7094
 0.25857, 2.81079,-9.50977,1.0,0,7149
 0.18196, 2.60489,-9.48104,1.0,0,7208
 0.14844, 2.91135,-9.42358,1.0,0,7263
 0.11971, 2.40857,-9.42837,1.0,0,7320
 0.24900, 3.06937,-9.28471,1.0,0,7379
 0.23942, 2.68151,-9.44752,1.0,0,7436
 0.13408, 3.19387,-9.41400,1.0,0,7492
 0.05746, 3.28484,-9.40921,1.0,0,7547
 0.05267, 2.77249,-9.43794,1.0,0,7608
 0.04788, 2.89698,-9.47625,1.0,0,7663
 0.07661, 3.12683,-9.36612,1.0,0,7724
 0.15323, 2.82995,-9.44273,1.0,0,7781
-0.55545, 4.86023,-3.50990,3.0,0,7836
-0.52672, 3.50032,-9.26077,3.0,0,7892
-0.66080, 3.36146,-9.34218,3.0,0,7948
-0.67038, 3.39498,-9.33260,3.0,0,8008
-0.65601, 3.28484,-9.42837,3.0,0,8065
-0.67995, 3.58173,-9.22246,3.0,0,8121
-0.92416, 3.29442,-9.28950,3.0,0,8179
-0.69911, 3.31358,-9.61990,3.0,0,8234
-0.59376, 3.21302,-9.31823,3.0,0,8289
-0.66080, 3.32794,-9.42358,3.0,0,8346
-0.55545, 3.37104,-9.30866,3.0,0,8403
-0.56024, 3.27527,-9.23683,3.0,0,8460
-0.58897, 3.24175,-9.42837,3.0,0,8516
-0.56982, 3.22738,-9.43316,3.0,0,8633
-0.27773, 3.34231,-9.38048,3.0,0,8691
-0.69432, 3.07894,-9.43316,3.0,0,8747
-0.55067, 3.00233,-9.40442,3.0,0,8802
-1.19231, 4.11324,-8.70053,3.0,0,8858
 0.27773, 3.31836,-8.15465,3.0,0,8951
-0.27773, 3.74932,-9.68215,3.0,0,9044
-0.39265, 1.55144,-9.05966,3.0,0,9101
 1.05345, 4.51546,-7.13951,3.0,0,9158
 0.14844, 3.00712,-9.50977,3.0,0,9247
 0.03352, 3.01669,-9.47625,3.0,0,9302
-0.64165, 3.43329,-9.11712,3.0,0,9359
-0.31603, 2.94008,-9.56723,3.0,0,9416
-0.66080, 3.50990,-10.27112,3.0,0,9474
 0.04310, 3.07416,-9.57681,3.0,0,9530
 0.28730, 3.91691,-10.38605,3.0,0,9587
-1.47483, 3.96001,-8.91122,5.0,0,9691
-0.62728, 4.00311,-8.72926,3.0,0,9747
-0.86670, 3.96959,-9.02614,3.0,0,9804
-1.89621, 4.37660,-8.98783,3.0,0,9859
-2.02549, 4.50589,-8.40844,3.0,0,9914
-1.49877, 4.34308,-8.94953,3.0,0,9979
-0.88107, 4.77404,-8.86812,3.0,0,10080
-0.91937, 4.66391,-8.87770,3.0,0,10154
-1.20668, 6.00945,-8.35098,3.0,0,10222
-0.82361, 5.30555,-9.18416,3.0,0,10306
 0.02394, 5.63595,-8.75799,3.0,0,10420
-0.57461, 5.02304,-8.20732,3.0,0,10476
 0.45969, 5.89931,-8.03973,3.0,0,10537
-0.62728, 5.00388,-6.08606,3.0,0,10616
 0.72784, 6.12916,-7.46512,3.0,0,10679
 0.09098, 6.59363,-7.15387,3.0,0,10734
-0.20111, 7.46033,-8.77236,3.0,0,10791
 2.09732, 5.43484,-6.97670,3.0,0,10846
-3.50990, 8.06846,-7.60877,3.0,0,10901
-0.72784, 7.82904,-7.45076,3.0,0,10971
-1.03430, 6.48829,-7.28316,3.0,0,11026
-0.57940, 8.41801,-8.86333,3.0,0,11087
 0.64165, 6.29196,-7.63750,3.0,0,11147
-0.49799, 8.43717,-7.00065,3.0,0,11202
 0.63207, 7.80510,-5.99508,3.0,0,11258
 1.55144, 7.09163,-5.61680,3.0,0,11313
 2.22661, 7.22570,-4.89375,3.0,0,11369
 3.46202, 8.87770,-5.08528,3.0,0,11425
 3.47638, 8.83939,-3.85466,3.0,0,11480
 1.96803, 6.02860,-3.16992,3.0,0,11536
 4.02705, 8.38928,-4.07972,3.0,0,11594
 2.88741, 8.15944,-3.23696,3.0,0,11649
 4.06057, 9.23204,-4.21858,3.0,0,11705
 4.63996, 7.90565,-3.44286,3.0,0,11782
 2.88262, 8.11634,-3.57215,3.0,0,11840
19.61091,-17.74582,-19.61330,0.0,0,11895
19.61091,-17.74582,-19.61330,0.0,0,11950
-0.28252, 9.40442,-2.93050,3.0,0,3499
-0.65601, 9.89284,-3.56736,3.0,0,3556
-0.81403, 9.30866,-3.88340,3.0,0,3616
-1.04866, 9.01178,-4.32872,3.0,0,3671
-1.17316, 9.33739,-4.45322,3.0,0,3729
-1.33118, 9.11712,-4.24253,3.0,0,3787
-1.58496, 9.25119,-4.13239,3.0,0,3848
-1.51792, 9.16022,-4.88896,3.0,0,3907
-1.46525, 8.84418,-4.33351,3.0,0,3964
-1.31202, 8.99262,-4.35266,3.0,0,4025
-1.31202, 8.99741,-4.31914,3.0,0,4080
-1.19231, 8.91601,-4.27126,3.0,0,4136
-1.40779, 8.93516,-4.40054,3.0,0,4192
-1.46046, 9.09797,-4.19464,3.0,0,4250
-1.40300, 9.00220,-4.44364,3.0,0,4306
-1.44131, 8.73405,-4.31435,3.0,0,4361
-1.44131, 9.15543,-4.45800,3.0,0,4418
-1.54665, 8.97826,-4.72137,3.0,0,4474
-1.64721, 8.99262,-4.73573,3.0,0,4531
-1.70946, 9.15543,-5.09965,3.0,0,4587
-1.64242, 9.00220,-4.90333,3.0,0,4644
-1.73819, 8.93516,-5.33907,3.0,0,4701
-1.45089, 8.47547,-4.95600,3.0,0,4756
-1.17795,10.06044,-4.43406,3.0,0,4812
-0.78051, 8.64786,-4.68785,3.0,0,4872
-0.07661, 8.52336,-4.77404,3.0,0,4928
-0.40223, 8.84418,-5.22894,3.0,0,4986
-0.89064, 8.28873,-6.21535,3.0,0,5043
-0.60813, 7.93917,-6.70855,3.0,0,5099
 1.88184, 4.85065,-6.28717,3.0,0,5154
 2.89220, 3.29921,-6.36379,3.0,0,5210
 0.66559, 5.21457,-8.77714,3.0,0,5265
-2.04465, 2.93529,-9.21289,3.0,0,5320
-5.75087, 3.14598,-9.90721,7.0,0,5376
-5.70778, 3.90734,-10.21366,7.0,0,5432
-3.70622, 2.03028,-8.88728,7.0,0,5487
-3.17950, 2.99275,-9.11712,7.0,0,5543
-2.23140, 0.27773,-6.68940,7.0,0,5602
-5.14753, 4.52025,-7.99185,7.0,0,5659
-4.28562, 4.18028,-8.29351,7.0,0,5716
-4.05099, 6.00945,-9.42837,3.0,0,5771
-4.75967, 2.97839,-8.11634,7.0,0,5827
-4.54898, 5.13796,-7.61835,7.0,0,5882
-3.89776, 5.27203,-7.65187,7.0,0,5938
-3.36625, 5.02304,-7.81467,7.0,0,5994
-4.18985, 5.07092,-7.98227,7.0,0,6050
-4.30956, 5.16190,-7.73327,7.0,0,6109
-4.50110, 5.79397,-6.94318,7.0,0,6164
-4.13718, 6.89530,-6.97670,3.0,0,6220
-2.58095, 5.74608,-5.65989,3.0,0,6283
-4.47237, 6.76123,-7.78116,3.0,0,6338
-6.37815, 5.87058,-7.02459,3.0,0,6394
-9.69652, 8.26478,-7.41724,3.0,0,6449
-11.02769, 5.72693,-7.70454,7.0,0,6509
-9.97903, 5.00867,-5.88974,7.0,0,6565
-9.01656, 6.02381,-3.03106,7.0,0,6628
-8.66701, 5.43484,-2.33195,7.0,0,6686
-9.19373, 6.31590,-2.33195,7.0,0,6742
-8.66701, 5.48751,-1.03908,7.0,0,6797
-8.26000, 6.50265,-1.06303,7.0,0,6852
-7.39808, 6.00466,-0.99120,7.0,0,6908
-7.22570, 5.34386,-0.91937,7.0,0,6964
-7.16345, 5.65989,-1.38385,7.0,0,7023
-7.80989, 5.69341,-1.58496,7.0,0,7080
-7.54652, 5.12838,-1.70467,7.0,0,7138
-7.92481, 6.19141,-2.45166,7.0,0,7194
-8.33182, 4.76925,-2.48039,7.0,0,7249
-8.80587, 5.19063,-2.17394,7.0,0,7305
-7.92960, 3.50032,-1.49398,7.0,0,7360
-8.25042, 3.45723,-1.94409,7.0,0,7415
-8.47547, 3.32794,-1.68552,7.0,0,7471
-9.27993, 1.71425, 0.43574,7.0,0,7588
-8.96868, 2.22661, 0.24900,7.0,0,7647
-10.55843, 3.42371, 0.43096,7.0,0,7734
-11.71243, 3.12204,-0.00479,7.0,0,7812
-10.24718, 2.93529,-0.47405,7.0,0,7875
-9.41400, 2.51870,-0.90022,7.0,0,7930
-8.86812, 2.14999,-0.90022,7.0,0,7988
-9.50977, 1.40300,-0.37350,7.0,0,8045
-9.55287, 1.20189,-0.21069,7.0,0,8101
-10.59195, 1.30723, 0.11971,7.0,0,8158
-10.35732, 1.66158,-0.25857,7.0,0,8213
-10.04128, 1.45089,-0.07183,7.0,0,8268
-9.96467, 2.47560,-0.51715,7.0,0,8324
-10.17057, 3.21302,-0.68474,7.0,0,8379
-10.36211, 3.61046,-0.31125,7.0,0,8435
-9.45710, 3.98395, 0.20590,7.0,0,8494
-9.15064, 5.13317, 0.06225,7.0,0,8558
-10.20888, 5.70299, 2.08296,7.0,0,8614
-10.00297, 4.29999, 1.86748,6.0,0,8676
-9.08360, 3.17950, 2.42772,6.0,0,8732
-9.20810, 5.09486,-0.44053,6.0,0,8788
-8.48984, 3.43329, 0.70868,6.0,0,8843
-8.45153, 5.24330, 0.04788,6.0,0,8905
-8.05409, 7.90087,-2.64320,7.0,0,8961
-9.30866, 7.66145,-2.13563,7.0,0,9017
-11.71243, 3.38540,-0.45011,7.0,0,9072
-9.33739, 1.38864,-0.87149,7.0,0,9131
-8.97826, 3.55778,-1.16837,7.0,0,9188
-7.94396, 4.01268,-0.99599,7.0,0,9245
-8.83939, 3.25611,-1.30245,7.0,0,9302
-8.21690, 4.09408,-1.39821,7.0,0,9357
-7.32147, 3.69665,-1.84354,7.0,0,9412
-8.59040, 4.75010,-2.48997,7.0,0,9468
-9.45231, 4.26647,-1.82917,7.0,0,9524
-9.86890, 4.67348,-1.79086,7.0,0,9581
-10.02692, 6.83305,-2.94008,7.0,0,9636
-8.39886, 7.62793,-3.05979,7.0,0,9695
-8.78193, 5.65032,-2.32716,7.0,0,9750
-9.73004, 4.13718,-2.18351,7.0,0,9808
-9.28471, 3.81157,-1.35033,7.0,0,9865
-9.19373, 3.68707,-1.26893,7.0,0,9950
-8.59997, 3.65355, 0.22984,7.0,0,10005
-8.22648, 5.15711,-0.70868,7.0,0,10064
-8.00621, 5.04219,-0.42617,7.0,0,10120
-8.42759, 5.35822,-0.90501,7.0,0,10175
-9.00699, 5.22894,-1.24977,7.0,0,10230
-9.15543, 5.48272,-1.91057,7.0,0,10285
-8.93995, 5.75566,-1.82917,7.0,0,10342
-8.93037, 4.54898,-1.88184,7.0,0,10401
-8.91601, 5.29597,-1.83396,7.0,0,10456
-9.29429, 4.96557,-1.25935,7.0,0,10530
-8.82024, 5.11401,-0.97205,7.0,0,10588
-8.66701, 5.15232,-1.14443,7.0,0,10648
-8.54251, 4.58729,-1.00556,7.0,0,10709
-8.86812, 5.13317,-1.01514,7.0,0,10773
-8.86333, 4.96557,-1.48441,7.0,0,10830
-8.54730, 4.45322,-0.99120,7.0,0,10888
-9.68215, 5.05177,-1.37427,7.0,0,11017
-9.12191, 4.50589,-1.03430,7.0,0,11079
-8.90643, 4.71658,-1.49877,7.0,0,11146
-8.71968, 4.35745,-1.67115,7.0,0,11205
-9.42358, 4.95121,-1.44610,7.0,0,11264
-9.05008, 4.76446,-1.30245,7.0,0,11322
-8.70053, 4.24253,-1.30245,7.0,0,11384
-9.23683, 4.56335,-1.24498,7.0,0,11441
-9.32781, 4.22337,-1.23062,7.0,0,11496
-8.69095, 3.85466,-1.48919,7.0,0,11552
-9.16022, 4.42448,-1.07739,7.0,0,11608
-9.34696, 4.48673,-1.25456,7.0,0,11677
-9.62948, 4.66869,-1.17316,7.0,0,11734
-8.83460, 3.85945,-1.21625,7.0,0,11793
-9.07402, 4.40533,-1.67594,7.0,0,11862
-9.07881, 4.46758,-1.35991,7.0,0,11975
-8.88249, 4.52025,-1.57538,7.0,0,12039
-9.03572, 4.55856,-1.66636,7.0,0,12146
-9.35654, 4.52504,-1.55144,7.0,0,12253
-9.65342, 4.55856,-1.30723,7.0,0,12334
-9.30387, 3.72538,-1.36469,7.0,0,12433
-9.38048, 3.59609,-1.34554,7.0,0,12488
-9.06445, 3.91213,-1.49398,7.0,0,12544
-9.68215, 4.13718,-0.91459,7.0,0,12601
-9.35654, 3.28484,-1.49398,7.0,0,12657
-8.35098, 2.76291,-0.84276,7.0,0,12715
-7.67581, 3.61046,-1.70467,7.0,0,12771
-6.70376, 5.00867,-1.14922,7.0,1,12838
-8.11156, 5.80833,-2.71981,7.0,1,12893
-7.21612, 3.06937,-2.58095,7.0,1,12949
-19.61330, 0.03352, 5.57370,7.0,1,13004
-17.22389, 5.04698, 1.33596,7.0,1,13062
-3.87861, 1.78129,-1.96803,7.0,1,13124
 0.56024, 2.61447,-2.61447,7.0,1,13182
-4.06535, 8.63828,-0.91937,3.0,1,13247
-6.13394,-1.41258,-0.22505,7.0,1,13302
-1.99676,-1.59933, 1.45567,2.0,1,13357
-16.55830,14.39394, 3.89776,6.0,1,13413
 5.26246,19.61091,-2.22661,6.0,1,13473
12.21043,17.40106,-4.21380,6.0,1,13528
-2.66714,13.52724, 6.08127,2.0,1,13585
-19.61330,19.61091,14.62378,2.0,1,13640
-19.61330,12.59350,-0.25379,2.0,1,13700
-1.31202,-9.74919,-4.89854,1.0,1,13757
 3.02148,-19.61330, 0.94810,1.0,1,13814
 4.55856,-5.00388,-2.77249,1.0,1,13870
-3.12683,11.70765, 1.75256,2.0,1,13926
-19.49359,19.61091, 2.90177,2.0,1,13984
-7.29753,18.39705,-0.18675,2.0,1,14048
10.81221, 2.06380,-0.00958,4.0,1,14114
12.10508, 2.80600,-6.92882,5.0,1,14173
 1.01035, 5.51624, 1.63285,3.0,1,14229
-19.61330,19.61091, 0.00958,3.0,1,14286
-19.32121,19.61091,-0.17238,3.0,1,14343
-5.47315, 7.89129,-0.63207,3.0,1,14399
 4.19464,-9.19373,-0.72784,1.0,1,14456
 4.71179,-12.24874,-1.75734,0.0,1,14513
-0.61292, 0.53151, 0.65122,1.0,1,14574
-19.61330,19.61091,11.68370,3.0,1,14629
-12.52168,19.61091, 2.51870,3.0,1,14685
 1.58496, 7.70933, 3.60567,2.0,1,14741
 8.28394,-3.61046,-1.67594,4.0,1,14803
 4.16591,-0.17717,-0.04788,5.0,1,14860
-7.68060, 7.37893, 7.43160,2.0,1,14923
-19.61330,19.61091, 6.74207,2.0,1,14978
-7.16345,12.32535,-7.15387,3.0,1,15034
-0.78530,-19.61330, 2.69587,0.0,1,15104
 2.30801,-2.91135,-8.15465,1.0,1,15180
-4.58729,-2.44209,-2.34153,7.0,1,15237
-19.61330,19.61091, 2.25534,7.0,1,15297
-9.52892,19.61091, 5.79876,7.0,1,15353
 5.65989, 5.10444,-2.88262,3.0,1,15410
11.52090,-7.02938,-4.24253,5.0,1,15466
 2.59053,-10.18972,-0.50278,1.0,1,15521
-12.95263, 3.06458, 3.62961,6.0,1,15581
-19.61330,19.61091, 9.71088,6.0,1,15636
-19.61330,19.61091, 2.46124,6.0,1,15692
 7.75721,10.44351,-5.49230,3.0,1,15748
 4.95600, 2.28407,-0.19154,5.0,1,15805
 0.82361,-2.21703,-0.87149,5.0,1,15862
-0.54588, 3.53863,-0.93853,5.0,1,15918
-4.18985,17.21910, 0.07183,3.0,1,15978
-7.66623,17.31008,-3.06458,3.0,1,16035
-0.62728, 0.46448, 0.96247,3.0,1,16092
 4.61123, 5.17148,-3.47638,5.0,1,16154
-2.88741, 8.77714,-0.11971,3.0,1,16215
-10.86489, 6.88572,-0.92895,7.0,0,16273
-19.61330, 8.38928, 5.40132,7.0,0,16328
-12.85686, 1.54665, 0.00479,7.0,0,16384
-3.28006, 4.76446, 0.71826,7.0,0,16442
-0.45011, 4.29520,-0.91937,3.0,0,16498
 0.90022, 0.34955,-1.59454,3.0,0,16557
-17.17600,13.21120,-1.56581,3.0,0,16612
-9.58638, 9.90721, 1.42694,3.0,0,16670
-9.60075, 2.11169,-3.47159,7.0,0,16728
-7.55610, 5.28640,-1.16358,7.0,0,16784
-8.66222, 7.99663,-0.42617,7.0,0,16840
-7.49864, 4.01268, 0.33519,7.0,0,16895
-8.44674, 5.34386,-2.15957,7.0,0,17001
-8.97347, 5.02782,-1.01514,7.0,0,17057
-8.55209, 5.18105,-0.60334,7.0,0,17112
-8.22169, 5.36780,-1.11091,7.0,0,17173
-7.73806, 6.13394,-1.85790,7.0,0,17244
-9.15064, 5.65989,-0.86670,7.0,0,17301
-9.59596, 6.44519,-1.48441,7.0,0,17365
-9.15064, 6.03818,-1.65200,7.0,0,17421
-9.19852, 5.78918,-1.48441,7.0,0,17481
-8.93516, 5.36780,-1.17316,7.0,0,17536
-8.32703, 4.68306,-1.11091,7.0,0,17592
-8.46111, 4.48673,-0.95768,7.0,0,17647
-8.63828, 4.28562,-1.05824,7.0,0,17702
-8.08761, 4.89854,-0.76614,7.0,0,17758
-7.91523, 5.64074,-1.25935,7.0,0,17815
-8.89207, 5.23373,-1.68552,7.0,0,17876
-8.63828, 5.32470,-0.94332,7.0,0,17932
-8.20732, 5.75566,-1.13006,7.0,0,17993
-8.89685, 5.89452,-1.29766,7.0,0,18049
-9.07881, 5.75087,-2.82037,7.0,0,18104
-9.56244, 5.39174,-2.99754,7.0,0,18161
-10.64941, 4.85065,-2.78206,7.0,0,18216
-9.46189, 4.70700,-1.86748,7.0,0,18271
-8.14986, 3.78763,-2.91135,7.0,0,18327
-6.29196, 4.57771,-4.80277,7.0,0,18388
-8.73405, 2.30801, 4.33829,6.0,0,18477
-9.87848, 6.82347, 5.04219,6.0,0,18532
-8.47547, 5.03740,-1.05824,7.0,0,19251
-8.23605, 5.43963,-1.05824,7.0,0,19309
-9.04529, 4.95121,-0.79966,7.0,0,19365
-8.69574, 4.96079,-1.00556,7.0,0,19425
-8.67659, 5.53061,-0.73263,7.0,0,19482
-8.89207, 4.82671,-0.95768,7.0,0,19537
-8.38449, 4.38139,-0.58897,7.0,0,19593
-8.78672, 5.31034,-0.85234,7.0,0,19649
-8.30788, 5.11401,-0.73741,7.0,0,19706
-7.95833, 5.95677,-1.04866,7.0,0,19787
-9.31823, 5.20021,-0.99599,7.0,0,19844
-8.86333, 5.63116,-1.67115,7.0,0,19900
-8.53294, 5.36301,-1.51792,7.0,0,19957
-8.47547, 5.46836,-1.45089,7.0,0,20013
-8.23605, 5.69820,-1.31202,7.0,0,20071
-8.48505, 6.12916,-0.82839,7.0,0,20128
-8.26478, 7.77637, 0.22027,7.0,0,20184
-7.69975, 5.73651,-1.01993,7.0,0,20259
-8.81066, 6.12916,-2.06380,7.0,0,20314
-9.95030, 5.85143,-1.29287,7.0,0,20369
-10.13705, 4.23774,-1.20668,7.0,0,20424
-9.74919, 3.62961,-2.03986,7.0,0,20484
-8.59040, 3.33752,-2.00634,7.0,0,20540
-7.94396, 4.43406,-2.36547,7.0,0,20595
-5.51145, 4.75010,-2.30801,7.0,0,20659
-6.48350, 5.80833,-2.57616,7.0,0,20747
-9.51935, 7.22570,-2.08774,7.0,0,20805
-7.00065, 7.03895,-2.30801,7.0,0,20862
-7.85777, 6.48829,-2.76291,3.0,0,20919
-4.86502, 6.32548,-2.58095,3.0,0,20992
-6.97670, 7.51300,-2.60010,3.0,0,21052
-6.92882, 6.88094,-2.35589,3.0,0,21111
-6.57927, 7.34541,-1.70467,3.0,0,21168
-7.02459, 6.55532,-1.87705,3.0,0,21223
-6.99107, 7.51779,-1.49877,3.0,0,21279
-6.72292, 7.02938,-2.60968,3.0,0,21335
-7.77637, 8.26478,-2.18830,3.0,0,21393
-6.10521, 5.62159,-2.92093,3.0,0,21448
-7.35499, 6.65109,-3.07416,3.0,0,21504
-9.25119, 6.67503,-1.88663,7.0,0,21563
-10.65899, 6.63673,-1.06781,7.0,0,21619
-7.73806, 6.64630,-1.39821,7.0,0,21676
-7.91044, 4.89854,-1.45089,7.0,0,21731
-7.97748, 3.00233,-0.93853,7.0,0,21786
-8.54251, 4.48673,-1.86748,7.0,0,21848
-8.50420, 4.97994,-1.39343,7.0,0,21904
-8.48505, 5.38217,-0.37350,7.0,0,21960
-8.75799, 5.96635,-1.14922,7.0,0,22015
-9.67257, 6.90488,-0.91937,7.0,0,22077
-9.06924, 6.74686,-0.66559,7.0,0,22134
-8.84897, 5.29597,-0.49799,7.0,0,22190
-8.38928, 6.37336,-1.02472,7.0,0,22246
-8.91122, 5.25288,-0.45969,7.0,0,22301
-9.25598, 4.72615,-1.87705,7.0,0,22359
-9.20810, 6.05733,-1.62806,7.0,0,22416
-9.81144, 4.48195,-1.51792,7.0,0,22471
-8.82503, 3.82593,-2.17394,7.0,0,22527
-8.86812, 2.59531,-1.13006,7.0,0,22587
-9.90721, 3.89297,-0.58419,7.0,0,22642
-9.11233, 3.95522,-0.89543,7.0,0,22701
-8.77236, 3.87861,-0.91459,7.0,0,22759
-9.32302, 4.33829,-0.83797,7.0,0,22814
-9.00220, 3.99832,-1.56581,7.0,0,22869
-8.90643, 4.86981,-1.16358,7.0,0,22925
-9.46189, 4.15633,-1.26414,7.0,0,22980
-9.16022, 4.03184,-1.51314,7.0,0,23035
-8.85376, 4.06057,-0.67995,7.0,0,23091
-7.51300, 3.63919,-2.16915,7.0,1,23149
-6.11479, 3.89776,-1.65200,7.0,1,23205
-5.97114, 2.52828,-1.70946,7.0,1,23260
-6.76601, 2.00634,-2.15957,7.0,1,23329
-19.61330, 3.16035, 7.03416,7.0,1,23384
-5.18105, 3.84988,-2.06859,7.0,1,23481
 2.13084,-1.08697,-1.30723,7.0,1,23541
 2.37026, 2.62405,-1.61848,3.0,1,23600
 0.33998, 6.62236, 2.08774,3.0,1,23656
-11.52569,19.61091,12.93348,2.0,1,23712
-7.14430,14.83926,-0.34955,2.0,1,23791
-1.65679,-11.60709,-0.03831,0.0,1,23847
 1.64721,-19.61330,-6.14352,0.0,1,23903
-1.31681,-9.20810,-1.47483,0.0,1,23959
-19.61330,19.61091,12.22001,6.0,1,24021
-2.56658,15.64371,-2.54264,6.0,1,24124
 0.01915,-12.62223,19.61091,0.0,1,24180
 5.48272,-9.09318,19.61091,0.0,1,24241
 5.48272,-9.09318,19.61091,0.0,1,24300
 5.48272,-9.09318,19.61091,0.0,1,24356
 5.48272,-9.09318,19.61091,0.0,1,24411
 5.48272,-9.09318,19.61091,0.0,1,24468
 5.48272,-9.09318,19.61091,0.0,1,24533
 5.48272,-9.09318,19.61091,0.0,1,24588
 5.48272,-9.09318,19.61091,0.0,1,24649
 5.48272,-9.09318,19.61091,0.0,1,24720
 5.48272,-9.09318,19.61091,0.0,1,24776
 5.48272,-9.09318,19.61091,0.0,1,24831
 5.48272,-9.09318,19.61091,0.0,1,24888
 5.48272,-9.09318,19.61091,0.0,1,24944
 5.48272,-9.09318,19.61091,0.0,1,25001
 5.48272,-9.09318,19.61091,0.0,1,25058
 5.48272,-9.09318,19.61091,0.0,1,25114
 5.48272,-9.09318,19.61091,0.0,1,25171
 5.48272,-9.09318,19.61091,0.0,1,25227
 5.48272,-9.09318,19.61091,0.0,1,25284
 5.48272,-9.09318,19.61091,0.0,1,25340
 5.48272,-9.09318,19.61091,0.0,1,25397
 5.48272,-9.09318,19.61091,0.0,1,25453
 5.48272,-9.09318,19.61091,0.0,1,25509
 5.48272,-9.09318,19.61091,0.0,1,25566
 5.48272,-9.09318,19.61091,0.0,1,25628
 5.48272,-9.09318,19.61091,0.0,1,25683
 5.48272,-9.09318,19.61091,0.0,1,25743
 5.48272,-9.09318,19.61091,0.0,1,25799
 5.48272,-9.09318,19.61091,0.0,1,25854
 5.48272,-9.09318,19.61091,0.0,1,25910
 5.48272,-9.09318,19.61091,0.0,1,25968
 5.48272,-9.09318,19.61091,0.0,1,26027
 5.48272,-9.09318,19.61091,0.0,1,26102
 5.48272,-9.09318,19.61091,0.0,1,26158
 5.48272,-9.09318,19.61091,0.0,1,26213
 5.48272,-9.09318,19.61091,0.0,1,26273
 5.48272,-9.09318,19.61091,0.0,1,26328
 5.48272,-9.09318,19.61091,0.0,1,26391
 5.48272,-9.09318,19.61091,0.0,1,26446
 5.48272,-9.09318,19.61091,0.0,0,26502
 5.48272,-9.09318,19.61091,0.0,0,26565
 5.48272,-9.09318,19.61091,0.0,0,26621
 5.48272,-9.09318,19.61091,0.0,0,26676
 5.48272,-9.09318,19.61091,0.0,0,26732
 5.48272,-9.09318,19.61091,0.0,0,26788
 5.48272,-9.09318,19.61091,0.0,0,26846
 5.48272,-9.09318,19.61091,0.0,0,26901
 5.48272,-9.09318,19.61091,0.0,0,26957
 5.48272,-9.09318,19.61091,0.0,0,27014
 5.48272,-9.09318,19.61091,0.0,0,27072
 5.48272,-9.09318,19.61091,0.0,0,27129
 5.48272,-9.09318,19.61091,0.0,0,27186
 5.48272,-9.09318,19.61091,0.0,0,27241
 5.48272,-9.09318,19.61091,0.0,0,27298
 5.48272,-9.09318,19.61091,0.0,0,27354
 5.48272,-9.09318,19.61091,0.0,0,27414
 5.48272,-9.09318,19.61091,0.0,0,27470
 5.48272,-9.09318,19.61091,0.0,0,27530
 5.48272,-9.09318,19.61091,0.0,0,27606
 5.48272,-9.09318,19.61091,0.0,0,27693
 5.48272,-9.09318,19.61091,0.0,0,27759
 5.48272,-9.09318,19.61091,0.0,0,27874
 5.48272,-9.09318,19.61091,0.0,0,27930
 5.48272,-9.09318,19.61091,0.0,0,27988
 5.48272,-9.09318,19.61091,0.0,0,28043
 5.48272,-9.09318,19.61091,0.0,0,28098
 5.48272,-9.09318,19.61091,0.0,0,28179
 5.48272,-9.09318,19.61091,0.0,0,28234
 5.48272,-9.09318,19.61091,0.0,0,28291
 5.48272,-9.09318,19.61091,0.0,0,28347
 5.48272,-9.09318,19.61091,0.0,0,28402
 5.48272,-9.09318,19.61091,0.0,0,28458
 5.48272,-9.09318,19.61091,0.0,0,28513
 5.48272,-9.09318,19.61091,0.0,0,28568
 5.48272,-9.09318,19.61091,0.0,0,28639
 5.48272,-9.09318,19.61091,0.0,0,28697
 5.48272,-9.09318,19.61091,0.0,0,28756
 5.48272,-9.09318,19.61091,0.0,0,28812
 5.48272,-9.09318,19.61091,0.0,0,28889
 5.48272,-9.09318,19.61091,0.0,0,28952
 5.48272,-9.09318,19.61091,0.0,0,29008
 5.48272,-9.09318,19.61091,0.0,0,29063
 5.48272,-9.09318,19.61091,0.0,0,29120
 5.48272,-9.09318,19.61091,0.0,0,29175
 5.48272,-9.09318,19.61091,0.0,0,29231
 5.48272,-9.09318,19.61091,0.0,0,29293
 5.48272,-9.09318,19.61091,0.0,0,29349
 5.48272,-9.09318,19.61091,0.0,0,29406
 5.48272,-9.09318,19.61091,0.0,0,29462
 5.48272,-9.09318,19.61091,0.0,0,29520
 5.48272,-9.09318,19.61091,0.0,0,29576
 5.48272,-9.09318,19.61091,0.0,0,29632
 5.48272,-9.09318,19.61091,0.0,0,29688
 5.48272,-9.09318,19.61091,0.0,0,29743
 5.48272,-9.09318,19.61091,0.0,0,29799
 5.48272,-9.09318,19.61091,0.0,0,29856
 5.48272,-9.09318,19.61091,0.0,0,29912
 5.48272,-9.09318,19.61091,0.0,0,29970
 5.48272,-9.09318,19.61091,0.0,0,30026
 5.48272,-9.09318,19.61091,0.0,0,30095
 5.48272,-9.09318,19.61091,0.0,0,30150
 5.48272,-9.09318,19.61091,0.0,0,30205
 5.48272,-9.09318,19.61091,0.0,0,30267
 5.48272,-9.09318,19.61091,0.0,0,30323
 5.48272,-9.09318,19.61091,0.0,0,30394
 5.48272,-9.09318,19.61091,0.0,0,30449
 5.48272,-9.09318,19.61091,0.0,0,30505
 5.48272,-9.09318,19.61091,0.0,0,30561
 5.48272,-9.09318,19.61091,0.0,0,30617
 5.48272,-9.09318,19.61091,0.0,0,30676
 5.48272,-9.09318,19.61091,0.0,0,30732
 5.48272,-9.09318,19.61091,0.0,0,30793
 5.48272,-9.09318,19.61091,0.0,0,30848
 5.48272,-9.09318,19.61091,0.0,0,30904
 5.48272,-9.09318,19.61091,0.0,0,30968
 5.48272,-9.09318,19.61091,0.0,0,31025
 5.48272,-9.09318,19.61091,0.0,0,31087
 5.48272,-9.09318,19.61091,0.0,0,31143
 5.48272,-9.09318,19.61091,0.0,0,31201
 5.48272,-9.09318,19.61091,0.0,0,31256
 5.48272,-9.09318,19.61091,0.0,0,31313
 5.48272,-9.09318,19.61091,0.0,0,31369
 5.48272,-9.09318,19.61091,0.0,0,31427
 5.48272,-9.09318,19.61091,0.0,0,31482
 5.48272,-9.09318,19.61091,0.0,0,31541
 5.48272,-9.09318,19.61091,0.0,0,31599
 5.48272,-9.09318,19.61091,0.0,0,31662
 5.48272,-9.09318,19.61091,0.0,0,31720
 5.48272,-9.09318,19.61091,0.0,0,31777
 5.48272,-9.09318,19.61091,0.0,0,31837
 5.48272,-9.09318,19.61091,0.0,0,31892
 5.48272,-9.09318,19.61091,0.0,0,31948
 5.48272,-9.09318,19.61091,0.0,0,32007
 5.48272,-9.09318,19.61091,0.0,0,32065
 5.48272,-9.09318,19.61091,0.0,0,32122
 5.48272,-9.09318,19.61091,0.0,0,32178
 5.48272,-9.09318,19.61091,0.0,0,32234
 5.48272,-9.09318,19.61091,0.0,0,32290
 5.48272,-9.09318,19.61091,0.0,0,32346
 5.48272,-9.09318,19.61091,0.0,0,32406
 5.48272,-9.09318,19.61091,0.0,0,32490
 5.48272,-9.09318,19.61091,0.0,0,32545
 5.48272,-9.09318,19.61091,0.0,0,32601
 5.48272,-9.09318,19.61091,0.0,0,32656
 5.48272,-9.09318,19.61091,0.0,0,32712
 5.48272,-9.09318,19.61091,0.0,0,32768
 5.48272,-9.09318,19.61091,0.0,0,33587
 5.48272,-9.09318,19.61091,0.0,0,33646
 5.48272,-9.09318,19.61091,0.0,0,33701
 5.48272,-9.09318,19.61091,0.0,0,33775
 5.48272,-9.09318,19.61091,0.0,0,33831
 5.48272,-9.09318,19.61091,0.0,0,33886
 5.48272,-9.09318,19.61091,0.0,0,33942
 5.48272,-9.09318,19.61091,0.0,0,33997
 5.48272,-9.09318,19.61091,0.0,0,34055
 5.48272,-9.09318,19.61091,0.0,0,34112
 5.48272,-9.09318,19.61091,0.0,0,34170
 5.48272,-9.09318,19.61091,0.0,0,34228
 5.48272,-9.09318,19.61091,0.0,0,34283
 5.48272,-9.09318,19.61091,0.0,0,34341
 5.48272,-9.09318,19.61091,0.0,0,34397
 5.48272,-9.09318,19.61091,0.0,0,34452
 5.48272,-9.09318,19.61091,0.0,0,34508
 5.48272,-9.09318,19.61091,0.0,0,34567
 5.48272,-9.09318,19.61091,0.0,0,34622
 5.48272,-9.09318,19.61091,0.0,0,34686
 5.48272,-9.09318,19.61091,0.0,0,34742
 5.48272,-9.09318,19.61091,0.0,0,34798
 5.48272,-9.09318,19.61091,0.0,0,34877
 5.48272,-9.09318,19.61091,0.0,0,34933
 5.48272,-9.09318,19.61091,0.0,0,35012
 5.48272,-9.09318,19.61091,0.0,0,35067
 5.48272,-9.09318,19.61091,0.0,0,35124
 5.48272,-9.09318,19.61091,0.0,0,35181
 5.48272,-9.09318,19.61091,0.0,0,35237
 5.48272,-9.09318,19.61091,0.0,0,35298
 5.48272,-9.09318,19.61091,0.0,0,35353
 5.48272,-9.09318,19.61091,0.0,0,35409
 5.48272,-9.09318,19.61091,0.0,0,35468
 5.48272,-9.09318,19.61091,0.0,0,35523
 5.48272,-9.09318,19.61091,0.0,0,35578
 5.48272,-9.09318,19.61091,0.0,0,35635
 5.48272,-9.09318,19.61091,0.0,0,35693
 5.48272,-9.09318,19.61091,0.0,0,35764
 5.48272,-9.09318,19.61091,0.0,0,35819
 5.48272,-9.09318,19.61091,0.0,0,35877
 5.48272,-9.09318,19.61091,0.0,0,35933
 5.48272,-9.09318,19.61091,0.0,0,35989
 5.48272,-9.09318,19.61091,0.0,0,36044
 5.48272,-9.09318,19.61091,0.0,0,36103
 5.48272,-9.09318,19.61091,0.0,0,36159
 5.48272,-9.09318,19.61091,0.0,0,36215
 5.48272,-9.09318,19.61091,0.0,0,36309
 5.48272,-9.09318,19.61091,0.0,0,36364
 5.48272,-9.09318,19.61091,0.0,0,36421
 5.48272,-9.09318,19.61091,0.0,0,36479
 5.48272,-9.09318,19.61091,0.0,0,36534
 5.48272,-9.09318,19.61091,0.0,0,36593
 5.48272,-9.09318,19.61091,0.0,0,36650
 5.48272,-9.09318,19.61091,0.0,0,36710
 5.48272,-9.09318,19.61091,0.0,0,36766
 5.48272,-9.09318,19.61091,0.0,0,36821
 5.48272,-9.09318,19.61091,0.0,0,36877
 5.48272,-9.09318,19.61091,0.0,0,36936
 5.48272,-9.09318,19.61091,0.0,0,36992
 5.48272,-9.09318,19.61091,0.0,0,37049
 5.48272,-9.09318,19.61091,0.0,0,37107
 5.48272,-9.09318,19.61091,0.0,0,37163
 5.48272,-9.09318,19.61091,0.0,0,37219
 5.48272,-9.09318,19.61091,0.0,0,37294
 5.48272,-9.09318,19.61091,0.0,0,37349
 5.48272,-9.09318,19.61091,0.0,0,37408
 5.48272,-9.09318,19.61091,0.0,0,37464
 5.48272,-9.09318,19.61091,0.0,0,37519
 5.48272,-9.09318,19.61091,0.0,0,37576
 5.48272,-9.09318,19.61091,0.0,0,37639
 5.48272,-9.09318,19.61091,0.0,0,37695
 5.48272,-9.09318,19.61091,0.0,0,37751
 5.48272,-9.09318,19.61091,0.0,0,37807
 5.48272,-9.09318,19.61091,0.0,0,37862
 5.48272,-9.09318,19.61091,0.0,0,37923
 5.48272,-9.09318,19.61091,0.0,0,37980
 5.48272,-9.09318,19.61091,0.0,0,38040
 5.48272,-9.09318,19.61091,0.0,0,38096
 5.48272,-9.09318,19.61091,0.0,0,38152
 5.48272,-9.09318,19.61091,0.0,0,38215
 5.48272,-9.09318,19.61091,0.0,0,38270
 5.48272,-9.09318,19.61091,0.0,0,38332
 5.48272,-9.09318,19.61091,0.0,0,38388
 5.48272,-9.09318,19.61091,0.0,0,38446
 5.48272,-9.09318,19.61091,0.0,0,38501
 5.48272,-9.09318,19.61091,0.0,0,38568
 5.48272,-9.09318,19.61091,0.0,0,38623
 5.48272,-9.09318,19.61091,0.0,0,38678
 5.48272,-9.09318,19.61091,0.0,0,38740
 5.48272,-9.09318,19.61091,0.0,0,38795
 5.48272,-9.09318,19.61091,0.0,0,38851
 5.48272,-9.09318,19.61091,0.0,1,38907
 5.48272,-9.09318,19.61091,0.0,1,38962
 5.48272,-9.09318,19.61091,0.0,1,39017
 5.48272,-9.09318,19.61091,0.0,1,39075
 5.48272,-9.09318,19.61091,0.0,1,39133
 5.48272,-9.09318,19.61091,0.0,1,39191
 5.48272,-9.09318,19.61091,0.0,1,39248
 5.48272,-9.09318,19.61091,0.0,1,39317
 5.48272,-9.09318,19.61091,0.0,1,39373
 5.48272,-9.09318,19.61091,0.0,1,39428
 5.48272,-9.09318,19.61091,0.0,1,39484
 5.48272,-9.09318,19.61091,0.0,1,39540
 5.48272,-9.09318,19.61091,0.0,1,39611
 5.48272,-9.09318,19.61091,0.0,1,39666
 5.48272,-9.09318,19.61091,0.0,1,39723
 5.48272,-9.09318,19.61091,0.0,1,39779
 5.48272,-9.09318,19.61091,0.0,1,39835
 5.48272,-9.09318,19.61091,0.0,1,39892
 5.48272,-9.09318,19.61091,0.0,1,39947
 5.48272,-9.09318,19.61091,0.0,1,40007
 5.48272,-9.09318,19.61091,0.0,1,40062
 5.48272,-9.09318,19.61091,0.0,1,40119
 0.95768, 4.64954,-8.84897,3.0,0,3720
 1.03430, 4.64475,-8.64307,3.0,0,3778
 1.78129, 4.52025,-8.82503,3.0,0,3834
-4.33829, 8.19296,-4.73094,0.0,0,3890
 1.72383, 2.88262,-9.21768,1.0,0,5715
 1.76692, 2.59531,-9.12191,1.0,0,5771
 1.79086, 2.92093,-9.23204,1.0,0,5826
 1.69509, 2.63841,-9.09318,1.0,0,5883
 1.82438, 2.76770,-9.37091,1.0,0,5940
 1.87227, 2.81558,-9.15064,1.0,0,5996
 1.81480, 2.68151,-9.14106,1.0,0,6051
 1.84354, 3.43807,-9.09318,1.0,0,6107
 1.80044, 2.82995,-9.07402,1.0,0,6163
 1.76213, 3.03585,-9.15064,1.0,0,6219
 1.84354, 2.98796,-9.02135,1.0,0,6282
 1.66158, 3.28963,-9.05966,1.0,0,6340
 1.51792, 3.24654,-9.14585,1.0,0,6397
 1.41737, 3.29442,-9.25598,1.0,0,6452
 1.53708, 3.20823,-9.29429,1.0,0,6507
 1.48441, 2.99754,-9.31823,1.0,0,6563
 1.52271, 3.14598,-9.15543,1.0,0,6618
 1.60412, 3.25133,-9.23683,1.0,0,6676
 1.60890, 3.20344,-9.11712,1.0,0,6733
 1.56581, 3.14119,-9.12191,1.0,0,6789
 1.63763, 3.15556,-9.12191,1.0,0,6845
 1.48441, 3.21781,-9.21289,1.0,0,6901
 1.62327, 3.10767,-9.26077,1.0,0,6959
 1.63763, 3.18429,-9.15543,1.0,0,7016
 1.66158, 3.14598,-9.22725,1.0,0,7071
 1.69031, 3.06937,-9.07402,1.0,0,7127
 1.48919, 3.14598,-9.17458,1.0,0,7185
 1.58496, 3.19865,-9.29429,1.0,0,7241
 1.59933, 3.14119,-9.06445,1.0,0,7296
 1.67594, 3.06458,-9.08839,3.0,0,7351
 1.91057, 3.09331,-9.26556,3.0,0,7407
 1.31202, 3.27527,-9.30866,3.0,0,7463
 2.13084, 2.66714,-9.33260,3.0,0,7527
 1.44131, 2.98318,-9.09318,3.0,0,7583
 1.26893, 3.03106,-9.22725,3.0,0,7638
 1.22104, 3.53384,-9.00699,3.0,0,7696
 1.52750, 3.14119,-9.30387,3.0,0,7752
 1.94888, 3.03106,-9.20810,3.0,0,7816
 1.64721, 3.05979,-9.18416,3.0,0,7880
 1.14922, 3.62961,-9.21768,3.0,0,7935
 1.87227, 3.72059,-8.18338,3.0,0,7990
 1.15401, 3.72059,-8.95431,3.0,0,8055
 1.35033, 2.46603,-8.85376,3.0,0,8110
 0.79009, 3.28484,-8.26478,3.0,0,8167
 1.50835, 3.11246,-9.20810,3.0,0,8224
 3.40934, 3.98874,-6.57927,3.0,0,8295
 2.45166, 4.05578,-9.22725,3.0,0,8350
 2.00155, 3.75411,-8.91601,3.0,0,8406
 1.30723, 3.83072,-8.90164,3.0,0,8461
 1.91536, 3.07416,-9.22725,3.0,0,8517
 1.53708, 4.08930,-9.15543,3.0,0,8572
 1.63763, 3.50990,-8.68138,3.0,0,8630
 2.29843, 3.72538,-8.66222,3.0,0,8685
 1.24498, 3.51469,-9.00699,3.0,0,8740
 1.43652, 4.46758,-8.82503,3.0,0,8804
 3.19865, 3.24175,-8.93995,3.0,0,8860
 1.13006, 3.83551,-9.44273,3.0,0,8915
 3.33752,-19.61330,-12.41633,0.0,0,8970
 3.33752,-19.61330,-12.41633,0.0,0,9054
 3.33752,-19.61330,-12.41633,0.0,0,9111
 3.33752,-19.61330,-12.41633,0.0,0,9167
 3.33752,-19.61330,-12.41633,0.0,0,9222
 3.33752,-19.61330,-12.41633,0.0,0,9277
 3.33752,-19.61330,-12.41633,0.0,0,9336
 3.33752,-19.61330,-12.41633,0.0,0,9391
 3.33752,-19.61330,-12.41633,0.0,0,9450
 3.33752,-19.61330,-12.41633,0.0,0,9507
 3.33752,-19.61330,-12.41633,0.0,0,9566
 3.33752,-19.61330,-12.41633,0.0,0,9621
 3.33752,-19.61330,-12.41633,0.0,0,9678
 3.33752,-19.61330,-12.41633,0.0,0,9733
 3.33752,-19.61330,-12.41633,0.0,0,9788
 3.33752,-19.61330,-12.41633,0.0,0,9846
 3.33752,-19.61330,-12.41633,0.0,0,9902
 3.33752,-19.61330,-12.41633,0.0,0,9966
 3.33752,-19.61330,-12.41633,0.0,0,10023
 3.33752,-19.61330,-12.41633,0.0,0,10078
 3.33752,-19.61330,-12.41633,0.0,0,10134
 3.33752,-19.61330,-12.41633,0.0,0,10190
 3.33752,-19.61330,-12.41633,0.0,0,10245
 3.33752,-19.61330,-12.41633,0.0,0,10300
 3.33752,-19.61330,-12.41633,0.0,0,10359
 3.33752,-19.61330,-12.41633,0.0,0,10417
 3.33752,-19.61330,-12.41633,0.0,0,10473
 3.33752,-19.61330,-12.41633,0.0,0,10528
 3.33752,-19.61330,-12.41633,0.0,0,10584
 3.33752,-19.61330,-12.41633,0.0,0,10651
 3.33752,-19.61330,-12.41633,0.0,0,10707
 3.33752,-19.61330,-12.41633,0.0,0,10762
 3.33752,-19.61330,-12.41633,0.0,0,10818
 3.33752,-19.61330,-12.41633,0.0,0,10873
 3.33752,-19.61330,-12.41633,0.0,0,10928
 3.33752,-19.61330,-12.41633,0.0,0,10995
 3.33752,-19.61330,-12.41633,0.0,0,11077
 3.33752,-19.61330,-12.41633,0.0,0,11132
 3.33752,-19.61330,-12.41633,0.0,0,11190
 3.33752,-19.61330,-12.41633,0.0,0,11245
 3.33752,-19.61330,-12.41633,0.0,0,11301
 3.33752,-19.61330,-12.41633,0.0,0,11361
 3.33752,-19.61330,-12.41633,0.0,0,11418
 3.33752,-19.61330,-12.41633,0.0,0,11503
 3.33752,-19.61330,-12.41633,0.0,0,11560
 3.33752,-19.61330,-12.41633,0.0,0,11616
 3.33752,-19.61330,-12.41633,0.0,0,11673
 3.33752,-19.61330,-12.41633,0.0,0,11728
 3.33752,-19.61330,-12.41633,0.0,0,11784
 3.33752,-19.61330,-12.41633,0.0,0,11844
 3.33752,-19.61330,-12.41633,0.0,0,11899
 3.33752,-19.61330,-12.41633,0.0,0,11956
 3.33752,-19.61330,-12.41633,0.0,0,12011
 3.33752,-19.61330,-12.41633,0.0,0,12066
 3.33752,-19.61330,-12.41633,0.0,0,12124
 3.33752,-19.61330,-12.41633,0.0,0,12183
 3.33752,-19.61330,-12.41633,0.0,0,12238
 3.33752,-19.61330,-12.41633,0.0,0,12299
 3.33752,-19.61330,-12.41633,0.0,0,12355
 3.33752,-19.61330,-12.41633,0.0,0,12411
 3.33752,-19.61330,-12.41633,0.0,0,12468
 3.33752,-19.61330,-12.41633,0.0,0,12525
 3.33752,-19.61330,-12.41633,0.0,0,12581
 3.33752,-19.61330,-12.41633,0.0,0,12636
 3.33752,-19.61330,-12.41633,0.0,0,12693
 3.33752,-19.61330,-12.41633,0.0,0,12750
 3.33752,-19.61330,-12.41633,0.0,0,12805
 3.33752,-19.61330,-12.41633,0.0,0,12861
 3.33752,-19.61330,-12.41633,0.0,0,12919
 3.33752,-19.61330,-12.41633,0.0,0,12980
 3.33752,-19.61330,-12.41633,0.0,0,13035
 3.33752,-19.61330,-12.41633,0.0,0,13091
 3.33752,-19.61330,-12.41633,0.0,0,13148
 3.33752,-19.61330,-12.41633,0.0,0,13204
 3.33752,-19.61330,-12.41633,0.0,0,13261
 3.33752,-19.61330,-12.41633,0.0,0,13316
 3.33752,-19.61330,-12.41633,0.0,0,13372
 3.33752,-19.61330,-12.41633,0.0,0,13431
 3.33752,-19.61330,-12.41633,0.0,0,13488
 3.33752,-19.61330,-12.41633,0.0,0,13547
 3.33752,-19.61330,-12.41633,0.0,0,13604
 3.33752,-19.61330,-12.41633,0.0,0,13660
 3.33752,-19.61330,-12.41633,0.0,0,13716
 3.33752,-19.61330,-12.41633,0.0,0,13774
 3.33752,-19.61330,-12.41633,0.0,0,13830
 3.33752,-19.61330,-12.41633,0.0,0,13885
 3.33752,-19.61330,-12.41633,0.0,0,13944
 3.33752,-19.61330,-12.41633,0.0,0,13999
 3.33752,-19.61330,-12.41633,0.0,0,14057
 3.33752,-19.61330,-12.41633,0.0,0,14112
 3.33752,-19.61330,-12.41633,0.0,0,14171
 3.33752,-19.61330,-12.41633,0.0,0,14230
 3.33752,-19.61330,-12.41633,0.0,0,14286
 3.33752,-19.61330,-12.41633,0.0,0,14341
 3.33752,-19.61330,-12.41633,0.0,0,14396
 3.33752,-19.61330,-12.41633,0.0,0,14458
 3.33752,-19.61330,-12.41633,0.0,0,14515
 3.33752,-19.61330,-12.41633,0.0,0,14572
 3.33752,-19.61330,-12.41633,0.0,0,14627
 3.33752,-19.61330,-12.41633,0.0,0,14686
 3.33752,-19.61330,-12.41633,0.0,0,14741
 3.33752,-19.61330,-12.41633,0.0,0,14798
 3.33752,-19.61330,-12.41633,0.0,0,14854
 3.33752,-19.61330,-12.41633,0.0,0,14909
 3.33752,-19.61330,-12.41633,0.0,0,14967
 3.33752,-19.61330,-12.41633,0.0,0,15022
 3.33752,-19.61330,-12.41633,0.0,0,15078
 3.33752,-19.61330,-12.41633,0.0,0,15134
 3.33752,-19.61330,-12.41633,0.0,0,15192
 3.33752,-19.61330,-12.41633,0.0,0,15252
 3.33752,-19.61330,-12.41633,0.0,0,15309
 3.33752,-19.61330,-12.41633,0.0,0,15364
 3.33752,-19.61330,-12.41633,0.0,0,15425
 3.33752,-19.61330,-12.41633,0.0,0,15487
 3.33752,-19.61330,-12.41633,0.0,0,15543
 3.33752,-19.61330,-12.41633,0.0,0,15599
 3.33752,-19.61330,-12.41633,0.0,0,15655
 3.33752,-19.61330,-12.41633,0.0,0,15790
 3.33752,-19.61330,-12.41633,0.0,0,15847
 3.33752,-19.61330,-12.41633,0.0,0,15911
 3.33752,-19.61330,-12.41633,0.0,0,15966
 3.33752,-19.61330,-12.41633,0.0,0,16022
 3.33752,-19.61330,-12.41633,0.0,0,16077
 3.33752,-19.61330,-12.41633,0.0,0,16133
 3.33752,-19.61330,-12.41633,0.0,0,16188
 3.33752,-19.61330,-12.41633,0.0,0,16243
 3.33752,-19.61330,-12.41633,0.0,0,16299
 3.33752,-19.61330,-12.41633,0.0,0,16359
 3.33752,-19.61330,-12.41633,0.0,0,16428
 3.33752,-19.61330,-12.41633,0.0,0,16483
 3.33752,-19.61330,-12.41633,0.0,0,16546
 3.33752,-19.61330,-12.41633,0.0,0,16606
 3.33752,-19.61330,-12.41633,0.0,0,16664
 3.33752,-19.61330,-12.41633,0.0,0,16720
 3.33752,-19.61330,-12.41633,0.0,0,16775
 3.33752,-19.61330,-12.41633,0.0,0,16833
 3.33752,-19.61330,-12.41633,0.0,0,16889
 3.33752,-19.61330,-12.41633,0.0,0,16944
 3.33752,-19.61330,-12.41633,0.0,0,16999
 3.33752,-19.61330,-12.41633,0.0,0,17055
 3.33752,-19.61330,-12.41633,0.0,0,17117
 3.33752,-19.61330,-12.41633,0.0,0,17173
 3.33752,-19.61330,-12.41633,0.0,0,17231
 3.33752,-19.61330,-12.41633,0.0,0,17286
 3.33752,-19.61330,-12.41633,0.0,0,17350
 3.33752,-19.61330,-12.41633,0.0,0,17406
 3.33752,-19.61330,-12.41633,0.0,0,17463
 3.33752,-19.61330,-12.41633,0.0,0,17520
 3.33752,-19.61330,-12.41633,0.0,0,17575
 3.33752,-19.61330,-12.41633,0.0,0,17633
 3.33752,-19.61330,-12.41633,0.0,0,17698
 3.33752,-19.61330,-12.41633,0.0,0,17754
 3.33752,-19.61330,-12.41633,0.0,0,17812
 3.33752,-19.61330,-12.41633,0.0,0,17868
 3.33752,-19.61330,-12.41633,0.0,0,17924
 3.33752,-19.61330,-12.41633,0.0,0,17979
 3.33752,-19.61330,-12.41633,0.0,0,18040
 3.33752,-19.61330,-12.41633,0.0,0,18095
 3.33752,-19.61330,-12.41633,0.0,0,18153
 3.33752,-19.61330,-12.41633,0.0,0,18208
 3.33752,-19.61330,-12.41633,0.0,0,18264
 3.33752,-19.61330,-12.41633,0.0,0,18319
 3.33752,-19.61330,-12.41633,0.0,0,18374
 3.33752,-19.61330,-12.41633,0.0,0,18429
 3.33752,-19.61330,-12.41633,0.0,0,18486
 3.33752,-19.61330,-12.41633,0.0,0,18543
 3.33752,-19.61330,-12.41633,0.0,0,18599
 3.33752,-19.61330,-12.41633,0.0,0,18656
 3.33752,-19.61330,-12.41633,0.0,0,18711
 3.33752,-19.61330,-12.41633,0.0,0,18766
 3.33752,-19.61330,-12.41633,0.0,0,18823
 3.33752,-19.61330,-12.41633,0.0,0,18878
 3.33752,-19.61330,-12.41633,0.0,0,18936
 3.33752,-19.61330,-12.41633,0.0,0,18992
 3.33752,-19.61330,-12.41633,0.0,0,19047
 3.33752,-19.61330,-12.41633,0.0,0,19103
 3.33752,-19.61330,-12.41633,0.0,0,19159
 3.33752,-19.61330,-12.41633,0.0,0,19218
 3.33752,-19.61330,-12.41633,0.0,0,19279
 3.33752,-19.61330,-12.41633,0.0,0,19335
 3.33752,-19.61330,-12.41633,0.0,0,19391
 3.33752,-19.61330,-12.41633,0.0,0,19447
 3.33752,-19.61330,-12.41633,0.0,0,19503
 3.33752,-19.61330,-12.41633,0.0,0,19559
 3.33752,-19.61330,-12.41633,0.0,0,19615
 3.33752,-19.61330,-12.41633,0.0,0,19670
 3.33752,-19.61330,-12.41633,0.0,0,19737
 3.33752,-19.61330,-12.41633,0.0,0,19793
 3.33752,-19.61330,-12.41633,0.0,0,19850
 3.33752,-19.61330,-12.41633,0.0,0,19938
 3.33752,-19.61330,-12.41633,0.0,0,19996
 3.33752,-19.61330,-12.41633,0.0,0,20051
 3.33752,-19.61330,-12.41633,0.0,0,20107
 3.33752,-19.61330,-12.41633,0.0,0,20167
 3.33752,-19.61330,-12.41633,0.0,0,20223
 3.33752,-19.61330,-12.41633,0.0,0,20278
 3.33752,-19.61330,-12.41633,0.0,0,20344
 3.33752,-19.61330,-12.41633,0.0,0,20403
 3.33752,-19.61330,-12.41633,0.0,0,20458
 3.33752,-19.61330,-12.41633,0.0,0,20515
 3.33752,-19.61330,-12.41633,0.0,0,20576
 3.33752,-19.61330,-12.41633,0.0,0,20633
 3.33752,-19.61330,-12.41633,0.0,0,20688
 3.33752,-19.61330,-12.41633,0.0,0,20743
 3.33752,-19.61330,-12.41633,0.0,0,20803
 3.33752,-19.61330,-12.41633,0.0,0,20861
 3.33752,-19.61330,-12.41633,0.0,0,20919
 3.33752,-19.61330,-12.41633,0.0,0,20977
 3.33752,-19.61330,-12.41633,0.0,0,21034
 3.33752,-19.61330,-12.41633,0.0,0,21089
 3.33752,-19.61330,-12.41633,0.0,0,21147
 3.33752,-19.61330,-12.41633,0.0,0,21206
 3.33752,-19.61330,-12.41633,0.0,0,21263
 3.33752,-19.61330,-12.41633,0.0,0,21320
 3.33752,-19.61330,-12.41633,0.0,0,21376
 3.33752,-19.61330,-12.41633,0.0,0,21432
 3.33752,-19.61330,-12.41633,0.0,0,21487
 3.33752,-19.61330,-12.41633,0.0,0,21545
 3.33752,-19.61330,-12.41633,0.0,0,21600
 3.33752,-19.61330,-12.41633,0.0,0,21657
 3.33752,-19.61330,-12.41633,0.0,0,21714
 3.33752,-19.61330,-12.41633,0.0,0,21770
 3.33752,-19.61330,-12.41633,0.0,0,21828
 3.33752,-19.61330,-12.41633,0.0,0,21884
 3.33752,-19.61330,-12.41633,0.0,0,21942
 3.33752,-19.61330,-12.41633,0.0,0,21999
 3.33752,-19.61330,-12.41633,0.0,0,22055
 3.33752,-19.61330,-12.41633,0.0,0,22110
 3.33752,-19.61330,-12.41633,0.0,0,22165
 3.33752,-19.61330,-12.41633,0.0,0,22221
 3.33752,-19.61330,-12.41633,0.0,0,22276
 3.33752,-19.61330,-12.41633,0.0,0,22914
 3.33752,-19.61330,-12.41633,0.0,0,22970
 3.33752,-19.61330,-12.41633,0.0,0,23025
 3.33752,-19.61330,-12.41633,0.0,0,23080
 3.33752,-19.61330,-12.41633,0.0,0,23137
 3.33752,-19.61330,-12.41633,0.0,0,23194
 3.33752,-19.61330,-12.41633,0.0,0,23249
 3.33752,-19.61330,-12.41633,0.0,0,23305
 3.33752,-19.61330,-12.41633,0.0,0,23364
 3.33752,-19.61330,-12.41633,0.0,0,23419
 3.33752,-19.61330,-12.41633,0.0,0,23478
 3.33752,-19.61330,-12.41633,0.0,0,23533
 3.33752,-19.61330,-12.41633,0.0,0,23591
 3.33752,-19.61330,-12.41633,0.0,0,23647
 3.33752,-19.61330,-12.41633,0.0,0,23704
 3.33752,-19.61330,-12.41633,0.0,0,23760
 3.33752,-19.61330,-12.41633,0.0,0,23818
 3.33752,-19.61330,-12.41633,0.0,0,23876
 3.33752,-19.61330,-12.41633,0.0,0,23932
 3.33752,-19.61330,-12.41633,0.0,0,23991
 3.33752,-19.61330,-12.41633,0.0,0,24048
 3.33752,-19.61330,-12.41633,0.0,0,24105
 3.33752,-19.61330,-12.41633,0.0,0,24161
 3.33752,-19.61330,-12.41633,0.0,0,24218
 3.33752,-19.61330,-12.41633,0.0,0,24273
 3.33752,-19.61330,-12.41633,0.0,0,24329
 3.33752,-19.61330,-12.41633,0.0,0,24387
 3.33752,-19.61330,-12.41633,0.0,0,24445
 3.33752,-19.61330,-12.41633,0.0,0,24505
 3.33752,-19.61330,-12.41633,0.0,0,24560
 3.33752,-19.61330,-12.41633,0.0,0,24616
 3.33752,-19.61330,-12.41633,0.0,0,24672
 3.33752,-19.61330,-12.41633,0.0,0,24729
 3.33752,-19.61330,-12.41633,0.0,0,24784
 3.33752,-19.61330,-12.41633,0.0,0,24853
 3.33752,-19.61330,-12.41633,0.0,0,24911
 3.33752,-19.61330,-12.41633,0.0,0,24967
 3.33752,-19.61330,-12.41633,0.0,0,25025
 3.33752,-19.61330,-12.41633,0.0,0,25083
 3.33752,-19.61330,-12.41633,0.0,0,25139
 3.33752,-19.61330,-12.41633,0.0,0,25197
 3.33752,-19.61330,-12.41633,0.0,0,25259
 3.33752,-19.61330,-12.41633,0.0,0,25315
 3.33752,-19.61330,-12.41633,0.0,0,25370
 3.33752,-19.61330,-12.41633,0.0,0,25425
 3.33752,-19.61330,-12.41633,0.0,0,25481
 3.33752,-19.61330,-12.41633,0.0,0,25539
 3.33752,-19.61330,-12.41633,0.0,0,25595
 3.33752,-19.61330,-12.41633,0.0,0,25651
 3.33752,-19.61330,-12.41633,0.0,0,25706
 3.33752,-19.61330,-12.41633,0.0,0,25762
 3.33752,-19.61330,-12.41633,0.0,0,25822
 3.33752,-19.61330,-12.41633,0.0,0,25878
 3.33752,-19.61330,-12.41633,0.0,0,25935
 3.33752,-19.61330,-12.41633,0.0,0,25991
 3.33752,-19.61330,-12.41633,0.0,0,26047
 3.33752,-19.61330,-12.41633,0.0,0,26104
 3.33752,-19.61330,-12.41633,0.0,0,26160
 3.33752,-19.61330,-12.41633,0.0,0,26221
 3.33752,-19.61330,-12.41633,0.0,0,26281
 3.33752,-19.61330,-12.41633,0.0,0,26338
 3.33752,-19.61330,-12.41633,0.0,0,26398
 3.33752,-19.61330,-12.41633,0.0,0,26455
 3.33752,-19.61330,-12.41633,0.0,0,26515
 3.33752,-19.61330,-12.41633,0.0,0,26573
 3.33752,-19.61330,-12.41633,0.0,0,26628
 3.33752,-19.61330,-12.41633,0.0,0,26684
 3.33752,-19.61330,-12.41633,0.0,0,26746
 3.33752,-19.61330,-12.41633,0.0,0,26808
 3.33752,-19.61330,-12.41633,0.0,0,26864
 3.33752,-19.61330,-12.41633,0.0,0,26935
 3.33752,-19.61330,-12.41633,0.0,0,26990
 3.33752,-19.61330,-12.41633,0.0,0,27050
 3.33752,-19.61330,-12.41633,0.0,0,27107
 3.33752,-19.61330,-12.41633,0.0,0,27163
 3.33752,-19.61330,-12.41633,0.0,0,27219
 3.33752,-19.61330,-12.41633,0.0,0,27275
 3.33752,-19.61330,-12.41633,0.0,0,27334
 3.33752,-19.61330,-12.41633,0.0,0,27423
 3.33752,-19.61330,-12.41633,0.0,0,27479
 3.33752,-19.61330,-12.41633,0.0,0,27540
 3.33752,-19.61330,-12.41633,0.0,0,27595
 3.33752,-19.61330,-12.41633,0.0,0,27651
 3.33752,-19.61330,-12.41633,0.0,0,27707
 3.33752,-19.61330,-12.41633,0.0,0,27766
 3.33752,-19.61330,-12.41633,0.0,0,27822
 3.33752,-19.61330,-12.41633,0.0,0,27878
 3.33752,-19.61330,-12.41633,0.0,0,27934
 3.33752,-19.61330,-12.41633,0.0,0,27989
 3.33752,-19.61330,-12.41633,0.0,0,28045
 3.33752,-19.61330,-12.41633,0.0,0,28100
 3.33752,-19.61330,-12.41633,0.0,0,28155
 3.33752,-19.61330,-12.41633,0.0,0,28212
 3.33752,-19.61330,-12.41633,0.0,0,28271
 3.33752,-19.61330,-12.41633,0.0,0,28327
 3.33752,-19.61330,-12.41633,0.0,0,28384
 3.33752,-19.61330,-12.41633,0.0,0,28441
 3.33752,-19.61330,-12.41633,0.0,0,28496
 3.33752,-19.61330,-12.41633,0.0,0,28552
 3.33752,-19.61330,-12.41633,0.0,0,28608
 3.33752,-19.61330,-12.41633,0.0,0,28666
 3.33752,-19.61330,-12.41633,0.0,0,28722
 3.33752,-19.61330,-12.41633,0.0,0,28778
 3.33752,-19.61330,-12.41633,0.0,0,28834
 3.33752,-19.61330,-12.41633,0.0,0,28894
 3.33752,-19.61330,-12.41633,0.0,0,28949
 3.33752,-19.61330,-12.41633,0.0,0,29020
 3.33752,-19.61330,-12.41633,0.0,0,29076
 3.33752,-19.61330,-12.41633,0.0,0,29132
 3.33752,-19.61330,-12.41633,0.0,0,29186
 3.33752,-19.61330,-12.41633,0.0,0,29241
 3.33752,-19.61330,-12.41633,0.0,0,29313
 3.33752,-19.61330,-12.41633,0.0,0,29376
 3.33752,-19.61330,-12.41633,0.0,0,29431
 3.33752,-19.61330,-12.41633,0.0,0,29486
 3.33752,-19.61330,-12.41633,0.0,0,29543
 3.33752,-19.61330,-12.41633,0.0,0,29598
 3.33752,-19.61330,-12.41633,0.0,0,29653
 3.33752,-19.61330,-12.41633,0.0,0,29716
 3.33752,-19.61330,-12.41633,0.0,0,29771
 3.33752,-19.61330,-12.41633,0.0,0,29832
 3.33752,-19.61330,-12.41633,0.0,0,29890
 3.33752,-19.61330,-12.41633,0.0,0,29949
 3.33752,-19.61330,-12.41633,0.0,0,30005
 3.33752,-19.61330,-12.41633,0.0,0,30060
 3.33752,-19.61330,-12.41633,0.0,0,30115
 3.33752,-19.61330,-12.41633,0.0,0,30170
