-1.36469, 4.70221,-9.21768,3.0,0,327307
-1.51792, 4.99909,-8.16902,3.0,0,327364
-1.61369, 5.06134,-8.26478,3.0,0,327419
-1.73819, 4.80277,-8.85376,3.0,0,327483
-1.63763, 4.70221,-8.83939,3.0,0,327541
-1.60890, 4.80277,-8.31746,3.0,0,327596
-1.64721, 4.66869,-8.76757,3.0,0,327654
-1.66158, 4.60644,-8.48026,3.0,0,327710
-1.66636, 4.58729,-8.81066,3.0,0,327765
-1.54187, 4.77883,-8.59040,3.0,0,327826
-1.64721, 4.71179,-8.73884,3.0,0,327894
-1.75734, 4.56814,-8.68616,3.0,0,327965
-1.59933, 4.60166,-8.91122,3.0,0,328022
-1.55144, 4.59208,-8.75320,3.0,0,328080
-1.63763, 4.55856,-8.72926,3.0,0,328136
-1.42694, 4.60644,-8.82503,3.0,0,328198
-1.62806, 4.27604,-8.79151,3.0,0,328258
-1.84354, 4.77404,-9.16022,3.0,0,328315
-1.73819, 3.98874,-8.41323,3.0,0,328373
-1.72383, 4.64954,-9.27993,3.0,0,328429
-2.00634, 4.47237,-9.41879,3.0,0,328489
-1.60890, 3.64876,-9.18416,3.0,0,328545
-1.51314, 4.01747,-8.61434,3.0,0,328607
-1.60890, 3.76368,-7.91044,3.0,0,328665
-2.38462, 5.40611,-7.15866,3.0,0,328721
-3.70144, 8.15944,-6.39731,3.0,0,328778
-2.47082, 8.03973,-6.53138,3.0,0,328833
-0.09098, 8.92558,-8.78193,3.0,0,328889
 1.14443, 4.30477,-7.75243,3.0,0,328948
 2.46603, 4.71658,-7.63272,3.0,0,329004
 1.33596, 4.07493,-6.19619,3.0,0,329060
 0.72784, 4.82671,-5.04219,3.0,0,329118
-0.71826, 6.92882,-9.41879,3.0,0,329179
-0.97205,11.02769,-9.11233,3.0,0,329235
-1.45089, 3.58173,-8.42759,3.0,0,329297
-1.61369, 8.78672,-6.85699,3.0,0,329357
-4.69264, 7.03895,-4.75010,3.0,0,329414
-6.73250, 7.59920,-4.97036,3.0,0,329475
-9.47146, 4.80756,-6.65588,7.0,0,329535
-11.82257, 6.21535,-9.34696,7.0,0,329590
-10.44351, 4.25210,-8.53294,7.0,0,329646
-9.39485, 5.18584,-4.92727,7.0,0,329701
-9.79228, 4.50110,-3.30879,7.0,0,329757
-9.17458, 5.66947,-1.22583,7.0,0,329813
-7.67102, 6.20577,-0.50757,7.0,0,329870
-7.28795, 4.45322, 0.07661,7.0,0,329926
-6.82347, 4.17070,-0.45011,7.0,0,330016
-6.79953, 4.20422, 0.41180,7.0,0,330072
-8.89207, 4.52025, 0.31125,7.0,0,330129
-8.59997, 1.36948, 1.32160,7.0,0,330184
-10.86489, 6.76123, 0.36871,7.0,0,330250
-8.59997, 4.33829,-1.03430,7.0,0,330306
-8.61434, 3.75411,-1.63763,7.0,0,330361
-8.74362, 4.71179,-1.77650,7.0,0,330416
-6.52181, 2.62883,-1.73819,7.0,0,330472
-7.55131, 4.43885,-1.50356,7.0,0,330527
-8.01579, 3.80678,-1.41737,7.0,0,330583
-7.46033, 5.00867,-1.85790,7.0,0,330642
-4.33351, 3.08373,-3.63440,7.0,0,330697
-3.50990, 2.97360,-3.95043,3.0,0,330758
-7.87692, 1.17795,-2.68151,7.0,0,330813
-11.79863,-1.71425,-0.60813,7.0,0,330868
-10.53449, 1.22583,-1.76213,7.0,0,330928
-13.51766, 0.45011,-0.98162,7.0,0,330984
-11.05642, 1.62806,-2.57137,7.0,0,331039
-11.50175, 2.59053,-4.25689,7.0,0,331097
-10.25676, 3.90734,-3.56257,7.0,0,331152
-9.55765, 3.01669,-5.13796,7.0,0,331208
-9.81144, 3.08852,-4.52504,7.0,0,331270
-9.95509, 3.53384,-3.89776,7.0,0,331326
-9.99340, 2.53307,-5.73651,7.0,0,331383
-9.60554, 2.89220,-4.95600,7.0,0,331438
-8.74362, 2.50912,-5.88016,7.0,0,331496
-8.49463, 2.60968,-5.20021,7.0,0,331551
-13.76666, 1.42694,-1.18752,7.0,0,331608
-8.61434, 1.55144,-4.27126,7.0,0,331666
-7.24007, 1.70946,-5.63595,7.0,0,331721
-10.70208, 2.10211,-5.77481,7.0,0,331782
-8.35576, 3.11725,-5.29119,7.0,0,331837
-8.61913,-1.21147,-4.62081,7.0,0,331893
-10.19930,-1.86269,-4.86981,7.0,0,331960
-9.91678, 1.52271,-4.57293,7.0,0,332015
-9.97903, 0.57940,-2.93529,7.0,0,332074
-9.28950, 0.54109,-4.74052,7.0,0,332129
-9.29429, 2.10690,-3.90255,7.0,0,332191
-9.12191,-0.65122,-4.52504,7.0,0,332247
-9.49062, 1.33118,-5.07092,7.0,0,332303
-9.93115,-0.92895,-4.54419,7.0,0,332361
-11.75553, 0.24421,-1.11570,7.0,0,332418
-8.84897, 3.15077,-1.15879,7.0,0,333141
-8.64786, 3.91691,-1.43173,7.0,0,333202
-7.09163, 4.34787,-1.55623,7.0,0,333258
-8.13071, 5.05177,-1.29287,7.0,0,333317
-8.05409, 6.70855,-0.68953,7.0,0,333373
-6.23929, 6.45956,-2.06380,7.0,0,333433
-5.63116, 7.25443,-4.12760,7.0,0,333489
-6.94797, 6.67503,-4.43885,3.0,0,333548
-6.50265, 7.65187,-5.58328,3.0,0,333609
-4.58729, 9.09318,-6.89051,3.0,0,333664
-2.43730, 7.16345,-8.74841,3.0,0,333724
-0.68953, 5.78439,-7.54652,3.0,0,333779
 1.75734, 6.01423,-7.60398,3.0,0,333837
 3.76847, 2.19309,-6.51702,3.0,0,333896
 5.45399, 0.00000,-5.09486,5.0,0,333952
 5.99508,-2.85868,-7.33105,5.0,0,334007
 6.89530,-0.68953,-3.61524,5.0,0,334062
 6.41646,-1.57538,-3.82593,5.0,0,334122
 7.75721,-2.57137,-2.59053,5.0,0,334205
 8.33182,-1.73340,-2.32238,5.0,0,334266
 8.13071,-1.24498,-1.92494,5.0,0,334326
 8.12592,-0.99599,-3.37104,5.0,0,334384
 9.05008,-1.51792,-0.58897,5.0,0,334446
 9.35175,-1.15879,-2.14999,5.0,0,334512
10.00297,-0.17238,-1.13485,5.0,0,334568
 9.94073,-0.65601,-1.30723,5.0,0,334623
 9.94073,-1.32160,-2.31759,5.0,0,334679
 9.60075,-0.94810,-2.23140,5.0,0,334735
 9.25119,-3.62961,-3.10767,5.0,0,334797
 9.48583,-1.53229,-2.26013,5.0,0,334854
 8.63828,-1.99676,-3.39977,5.0,0,334911
 8.60476,-0.89064,-1.88184,5.0,0,334967
 8.59040,-1.29766,-1.35033,5.0,0,335022
 8.99262,-1.89142,-1.75734,5.0,0,335080
 9.03572,-4.27126,-0.25857,5.0,0,335704
 8.86812,-4.39575,-0.16759,5.0,0,335760
 8.39407,-3.33752,-0.54109,5.0,0,335818
 8.92080,-3.46202, 0.05746,5.0,0,335877
 8.74362,-3.64876,-0.53630,5.0,0,335934
 8.78193,-3.37582,-0.16759,5.0,0,335991
 8.91122,-2.35111,-1.98719,5.0,0,336048
 9.54329,-2.25055,-0.05746,5.0,0,336104
 8.64786,-2.26491,-2.29843,5.0,0,336159
 8.99262,-2.59531,-0.23463,5.0,0,336218
 8.97826,-3.04542,-1.48441,5.0,0,336273
 9.42358,-2.25055,-1.31681,5.0,0,336330
 9.57681,-2.34632,-0.26336,5.0,0,336393
 9.37569,-2.82037, 0.11013,5.0,0,336451
 9.15543,-3.03585,-1.52750,5.0,0,336506
 9.55287,-3.47638,-1.08218,5.0,0,336565
 9.12670,-3.31836,-0.92895,5.0,0,336619
 8.72447,-4.47716, 1.02472,5.0,0,336674
 8.27436,-3.59130,-0.80445,5.0,0,336734
 8.36055,-3.41892,-0.30167,5.0,0,336797
 9.33260,-3.03106, 0.75178,5.0,0,336852
 8.65265,-3.11246,-0.79009,5.0,0,336910
 9.22725,-3.61046, 0.04788,5.0,0,336966
 9.01656,-3.19865,-1.19231,5.0,0,337021
 9.13627,-2.66235,-0.24900,5.0,0,337081
 8.74841,-2.65756,-0.92895,5.0,0,337137
 8.62391,-3.16992,-0.63686,5.0,0,337194
 8.64786,-2.74854,-0.49321,5.0,0,337250
 8.85376,-3.49075,-0.40701,5.0,0,337313
 8.89685,-3.39498,-0.74699,5.0,0,337373
 9.34696,-3.44286,-0.63686,5.0,0,337429
 9.55287,-3.43807,-0.33998,5.0,0,337487
 9.16979,-2.60968,-0.53630,5.0,0,337543
 8.69574,-3.34231,-0.31125,5.0,0,337602
 8.84418,-3.15077,-1.43173,5.0,0,337658
 8.69574,-3.42371,-0.23463,5.0,0,337720
 8.74841,-3.07416,-0.31125,5.0,0,337776
 9.18416,-3.29442,-0.11492,5.0,0,337833
 8.99741,-3.35188,-0.68953,5.0,0,337889
 9.25119,-3.08852,-0.04310,5.0,0,337946
 9.03093,-3.45244, 0.02394,5.0,0,338001
 8.81545,-3.67271,-0.12450,5.0,0,338057
 8.69095,-3.13162, 0.48842,5.0,0,338116
 8.68138,-3.13162,-1.79565,5.0,0,338171
 8.94474,-3.76368, 0.65122,5.0,0,338227
 9.05008,-3.46202,-0.36871,5.0,0,338283
 9.17458,-3.89776, 0.22505,5.0,0,338338
 9.00220,-3.53384,-0.56503,5.0,0,338396
 8.78193,-3.49553, 0.03352,5.0,0,338451
 8.74841,-3.94564,-0.61770,5.0,0,338509
 8.85376,-3.19387,-0.72305,5.0,0,338565
 9.02135,-3.26569, 0.23942,5.0,0,338620
 8.90643,-2.94487,-0.11492,5.0,0,338701
 8.76278,-3.37582,-0.67516,5.0,0,338756
 8.79630,-3.57215,-0.06704,5.0,0,338811
 8.76278,-3.40934,-0.80445,5.0,0,338867
 8.77236,-3.70622, 0.25857,5.0,0,338922
 8.49463,-3.86424,-1.18274,5.0,1,338978
 9.07881,-4.16591, 1.10612,5.0,1,339037
 9.46667,-3.64398, 0.10056,5.0,1,339092
 9.81144,-4.34308,-0.34477,5.0,1,339160
10.60153,-4.55856, 0.21548,5.0,1,339222
10.49618,-4.37181,-0.37350,5.0,1,339277
10.71645,-4.55856, 0.07661,5.0,1,339334
10.06522,-3.49553,-0.49799,5.0,1,339390
 9.77313,-3.74453,-1.65200,5.0,1,339449
10.22324,-2.78206,-0.92416,5.0,1,339508
 9.85453,-2.73418,-1.01514,5.0,1,339568
 9.50977,-1.99676,-0.50278,5.0,1,339635
 8.28394,-1.14922,-1.35991,5.0,1,339709
 8.41323,-2.93050,-2.45645,5.0,1,339772
 6.94797,-0.68953,-2.11647,5.0,1,339833
 6.40688,-1.99676,-1.47962,5.0,1,339889
 7.64708,-2.60968,-2.35589,5.0,1,339944
 8.77714,-3.41413,-1.67115,5.0,1,340000
 7.45554,-1.15401,-3.40934,5.0,1,340060
 6.67025,-0.82839,-3.10767,5.0,1,340117
 6.61278, 1.49877,-2.06380,5.0,1,340182
 7.67102,-0.67995,-2.38941,5.0,1,340243
 8.72447, 0.62728,-0.20111,5.0,1,340298
 7.17303,-1.85790,-1.54187,5.0,1,340357
 7.57047,-1.23541,-4.11324,5.0,1,340413
 9.36612,-0.40223,-1.88663,5.0,1,340472
 9.83538,-4.62081,-1.10612,5.0,1,340527
10.12747,-4.75488,-2.50912,5.0,1,340587
 8.19296,-3.51469,-3.68707,5.0,1,340654
 8.60955,-3.54821,-2.86347,5.0,1,340711
 8.55209,-3.49553,-1.29766,5.0,1,340766
 9.31344,-3.83072,-1.24977,5.0,1,340822
 8.53294,-5.45878, 0.06225,5.0,1,340880
 8.59518,-4.58729,-0.86191,5.0,1,340936
 8.95431,-5.09965, 0.29688,5.0,1,340998
 9.15543,-3.37104,-0.73741,5.0,1,341059
 9.95509,-3.39019,-0.83797,5.0,1,341114
 9.83059,-2.30801,-1.48441,5.0,1,341172
10.31422,-3.12683,-1.23062,5.0,1,341227
10.86489,-2.89698,-0.70868,5.0,1,341283
10.47224,-2.56180,-1.02951,5.0,1,341340
 9.52892,-1.91536,-1.30723,5.0,0,341396
 8.88249,-1.90578,-1.20189,5.0,0,341451
 8.48026,-1.63763,-1.16837,5.0,0,341511
 9.22725,-1.93451, 0.06225,5.0,0,341568
 9.26556,-2.90177,-1.88663,5.0,0,341632
 9.22725,-3.00712,-0.84276,5.0,0,341689
 9.27514,-3.05021,-1.10133,5.0,0,341754
 8.98304,-3.14119,-0.45011,5.0,0,341818
 8.64786,-2.12126,-0.40701,5.0,0,341874
 8.90643,-2.91135,-0.59855,5.0,0,341930
 8.75799,-2.83473,-0.81403,5.0,0,341990
 9.28950,-2.99754,-0.45490,5.0,0,342045
 9.14106,-2.37984,-0.66559,5.0,0,342101
 9.35175,-2.18351,-0.36871,5.0,0,342157
 9.13627,-2.15957,-1.21147,5.0,0,342213
 8.95431,-2.35111,-0.39744,5.0,0,342269
 9.16979,-2.42293,-0.68474,5.0,0,342329
 9.41879,-2.74854,-0.33040,5.0,0,342385
 9.48583,-2.78206,-0.76136,5.0,1,342442
 9.62469,-2.94966, 0.07183,5.0,1,342498
10.76433,-4.15633, 0.30167,5.0,1,342554
11.60709,-3.24175, 0.02394,5.0,1,342609
11.30063,-3.94086,-0.04788,5.0,1,342667
10.58237,-3.04542, 0.62249,5.0,1,342723
11.28627,-3.30879,-0.02394,5.0,1,342778
10.12268,-2.64320,-0.69911,5.0,1,342838
 9.35175,-1.46525,-0.64165,5.0,1,342896
 8.83460,-3.03585, 0.32082,5.0,1,342951
 8.75320,-2.88262, 0.07183,5.0,1,343010
 7.86256,-0.36392,-0.97683,5.0,1,343066
 7.67102, 0.44532, 0.05746,5.0,1,343121
 7.43639,-1.49398,-0.49799,5.0,1,343179
 8.42280,-2.95923,-1.13006,5.0,1,343235
 8.21690,-1.47962, 0.63686,5.0,1,343291
 8.45153,-0.56024,-1.51314,5.0,1,343373
 7.83383,-1.52750, 0.25379,5.0,1,343428
 7.15387,-0.93374,-2.44209,5.0,1,343488
 6.90967,-2.10211, 0.73263,5.0,1,343545
 6.65588,-4.11803, 0.43096,5.0,1,343605
 6.37336,-1.99676,-3.80678,5.0,1,343661
 8.48984,-2.56658,-1.48919,5.0,1,343717
 9.23204, 1.16837, 0.25379,5.0,1,343772
 7.63750,-1.97282,-2.81558,5.0,1,343828
 8.18817,-3.62482,-2.82516,5.0,1,343885
 9.34218,-1.91057,-1.42216,5.0,1,343943
 8.83939,-4.68785,-0.41659,5.0,1,344000
 8.56645,-3.46680,-1.44610,5.0,1,344055
 8.61913,-3.50032,-1.88184,5.0,1,344118
10.36211,-4.87938,-1.57060,5.0,1,344174
 9.91678,-5.91368, 0.68953,5.0,1,344230
 9.43794,-2.73897,-0.19632,5.0,1,344289
10.23282,-3.58651,-2.30322,5.0,1,344347
 9.72525,-2.54264, 0.33998,5.0,1,344403
 9.05008,-2.71502,-0.55067,5.0,1,344458
 9.65821,-3.26569,-0.26815,5.0,1,344515
 9.66779,-3.06458,-0.39744,5.0,1,344571
 9.54808,-2.69587,-0.89064,5.0,1,344626
10.08917,-2.62405,-0.78530,5.0,1,344685
10.20409,-2.27449,-0.45490,5.0,1,344743
10.26155,-2.24097,-0.94332,5.0,1,344799
 9.71567,-1.85311,-0.97205,5.0,1,344854
 9.48104,-2.19788,-0.45011,5.0,0,344909
 9.32781,-2.34632,-0.14844,5.0,0,344964
 9.01178,-2.36068,-0.97683,5.0,0,345020
 9.24641,-1.91057,-0.02873,5.0,0,345078
 9.20810,-1.98240,-0.33040,5.0,0,345133
 9.46667,-2.38941,-0.10056,5.0,0,345188
 9.46667,-1.92973,-0.06225,5.0,0,345244
 9.42837,-2.37026,-0.64165,5.0,0,345299
 9.26077,-2.12605,-0.81403,5.0,0,345356
 9.02135,-1.42216,-0.09577,5.0,0,345412
 8.77236,-1.37906,-0.49321,5.0,0,345467
 9.01178,-1.77171,-0.30646,5.0,0,345522
 9.67257,-2.34632,-0.50278,5.0,1,345577
10.89362,-2.59531,-0.16759,5.0,1,345634
12.04283,-3.24175, 0.23463,5.0,1,345693
12.86165,-3.50511, 0.63686,5.0,1,345748
12.22958,-3.15556, 0.03831,5.0,1,345812
10.98460,-2.65278, 0.71826,5.0,1,345873
10.31901,-3.75890, 1.20189,5.0,1,345929
 9.73961,-3.49553,-0.41659,5.0,1,345986
 8.93037,-1.83875,-0.63686,5.0,1,346041
 8.05888,-3.27527, 0.31603,5.0,1,346102
 7.58483,-4.00311, 0.34477,5.0,1,346157
 8.01100, 0.47405, 0.40701,5.0,1,346218
 6.63673,-1.94888,-1.86748,5.0,1,346273
 6.41167,-1.73819,-0.05746,5.0,1,346331
 8.07804,-0.79009, 0.13886,5.0,1,346389
 9.03572,-1.83396,-1.07260,5.0,1,346446
 8.85855,-3.36625, 0.17238,5.0,1,347244
 8.95431,-2.33674,-0.51236,5.0,1,347300
 9.52413,-1.88184, 0.24421,5.0,1,347357
 8.59040,-3.98874, 0.26336,5.0,1,347413
 9.70131,-3.23696, 0.34955,5.0,1,347469
10.63504,-4.13239, 0.28252,5.0,1,347528
11.55921,-3.28006, 0.09098,5.0,1,347585
10.91756,-2.44687,-1.46525,5.0,1,347644
 9.43316,-1.36469,-1.12527,5.0,1,347702
 9.17458,-0.67038,-0.40223,5.0,0,347761
 9.57681,-0.20111,-0.56982,5.0,0,347819
10.09874,-1.56581,-0.38786,5.0,0,347879
 9.59596,-1.02951,-0.22505,5.0,0,347935
 9.25598,-1.01993,-0.79966,5.0,0,347999
 9.23683,-1.47962,-0.61770,5.0,0,348054
 9.69173,-1.77171,-0.34955,5.0,0,348110
 9.56723,-2.38941,-1.11091,5.0,0,348167
 9.14106,-2.27449,-0.23463,5.0,0,348223
 9.04051,-1.77650,-0.10056,5.0,0,348284
 8.84897,-2.14042,-0.17238,5.0,0,348346
 8.99741,-1.96803,-0.24421,5.0,0,348405
 9.30866,-2.10211,-0.16281,5.0,0,348462
 9.42358,-1.95846,-0.77093,5.0,0,348521
10.05086,-2.55222, 0.02873,5.0,1,348578
11.12346,-3.44765, 0.44053,5.0,1,348641
13.34528,-3.76368, 0.53151,5.0,1,348699
13.57991,-4.01747, 1.08218,5.0,1,348755
12.48337,-3.28963, 0.46448,5.0,1,348810
10.74997,-2.45645, 1.13964,5.0,1,348870
 9.79228,-2.32238,-1.38864,5.0,1,348926
 8.68616,-1.37906,-0.00958,5.0,1,348984
 7.37414,-2.90177, 2.58574,4.0,1,349059
 7.78116,-1.56581, 0.13408,4.0,1,349115
 8.18338,-2.95923, 0.61770,4.0,1,349174
 7.34062,-1.17795,-1.27372,4.0,1,349231
 6.26802,-3.19865, 2.82037,4.0,1,349294
 7.24964,-3.54821, 0.11013,4.0,1,349399
 5.54976,-1.85790,-0.05746,4.0,1,349466
 6.44998,-2.26491,-0.14844,4.0,1,349522
 9.73004,-3.01191,-1.00078,4.0,1,349577
10.91277,-2.13563, 1.72861,5.0,1,349635
 7.60398,-2.85868,-1.32160,5.0,1,349690
 7.04374,-2.83952,-2.69108,5.0,1,349746
 8.71489,-2.40378, 0.55067,5.0,1,349803
 9.72525,-4.67348, 1.08697,5.0,1,349858
 8.59040,-9.58160, 1.49398,5.0,1,349917
 9.62948,-4.87938, 1.15401,5.0,1,349972
 9.76834,-3.76368,-0.18675,5.0,1,350029
 9.64384,-5.12359, 0.24900,5.0,1,350084
10.20888,-5.26724, 0.54588,5.0,1,350140
 9.61990,-3.85466, 0.10534,5.0,1,350198
 9.22246,-4.47237,-0.45011,5.0,1,350253
 8.82024,-3.67271, 0.46926,5.0,1,350308
 8.76278,-3.55300,-0.22505,5.0,1,350365
 9.93115,-4.30477, 0.12929,5.0,1,350421
10.89362,-3.58651, 0.08140,5.0,1,350476
11.28148,-3.31358,-0.97205,5.0,1,350532
10.21845,-3.00233, 0.11971,5.0,0,350587
 9.90721,-1.81480, 0.48363,5.0,0,350643
 9.57681,-1.97761,-0.09098,5.0,0,350699
 9.38048,-1.58496,-0.37350,5.0,0,350754
 8.99741,-2.61926, 0.51236,5.0,0,350813
 9.14585,-1.65679,-0.49321,5.0,0,350868
 9.70131,-2.16915,-0.26815,5.0,0,350927
 9.90242,-2.31280,-0.16759,5.0,0,350983
 9.72046,-2.29365, 0.02394,5.0,0,351040
 9.07881,-2.21703,-0.51236,5.0,0,351099
 9.20331,-2.09732, 0.03831,5.0,0,351156
 9.25598,-2.62883,-0.15802,5.0,0,351211
 9.27035,-2.54264, 0.42138,5.0,1,351269
10.22803,-3.93128, 0.16759,5.0,1,351330
11.52569,-3.43329,-0.37828,5.0,1,351390
11.78426,-3.73974, 0.32561,5.0,1,351445
10.69729,-2.87304, 0.24900,5.0,1,351504
10.58237,-2.84910, 0.00000,5.0,1,351561
10.12747,-2.97360, 0.97683,5.0,1,351617
 9.80665,-2.34153,-0.59855,5.0,1,351672
 9.28471,-2.72939,-0.79966,5.0,1,352297
 8.74841,-1.92494,-0.39265,5.0,1,352352
 6.89530,-2.82995,-1.13006,5.0,1,352407
 7.16345, 1.57060, 1.58975,4.0,1,352466
 7.80031, 0.38786,-0.48842,4.0,1,352523
 8.67180,-0.36392,-2.01113,5.0,1,352579
 8.98304,-0.79966,-0.79966,5.0,1,352634
 8.68616,-1.46046,-1.05824,5.0,1,352691
 8.40844,-2.01113,-0.32082,5.0,1,352746
 9.69652,-2.61926, 0.45011,5.0,1,352802
 7.92960,-2.58574,-1.98240,5.0,1,352861
 9.55287,-2.35589,-2.97360,5.0,1,352917
 9.35175,-2.63841,-1.29287,5.0,1,352976
 8.92080,-2.22182,-0.99120,5.0,1,353032
 9.82102,-4.47237,-0.36871,5.0,1,353093
10.08917,-3.90734,-0.67995,5.0,1,353149
 9.92157,-2.83473,-1.04866,5.0,1,353205
 9.48583,-2.34153,-0.72784,5.0,0,353831
 9.45710,-2.00634,-0.83318,5.0,0,353887
 9.41879,-1.69509,-1.54187,5.0,0,353945
 9.26077,-1.63763,-1.01993,5.0,0,354004
 8.93995,-1.58017,-0.61770,5.0,0,354061
 9.04529,-1.78129,-1.48441,5.0,0,354117
 9.14106,-2.39420,-1.06781,5.0,0,354172
 9.37091,-2.28886,-1.39343,5.0,0,354227
 9.27993,-2.14520,-1.35512,5.0,0,354283
 9.47625,-1.54665,-0.96726,5.0,0,354339
 9.54808,-2.20267,-1.60412,5.0,0,354398
 9.46667,-2.28407,-1.08697,5.0,0,354453
 9.29429,-2.11647,-0.74220,5.0,0,354517
 8.99262,-1.72383,-1.11570,5.0,0,354583
 8.94474,-1.96803,-0.69911,5.0,0,354639
 8.75799,-2.03028,-1.55623,5.0,0,354695
 9.27035,-2.18830,-0.72784,5.0,0,354755
 9.39964,-1.75256,-0.89543,5.0,0,354810
 9.44273,-1.96325,-0.91459,5.0,0,354868
 9.51456,-2.15478,-1.26893,5.0,0,354926
 9.63427,-1.89621,-1.01514,5.0,0,354999
 9.64384,-1.92973,-1.82438,5.0,0,355055
 9.96467,-1.95367,-1.61848,5.0,1,355114
11.66455,-2.69587,-1.55623,5.0,1,355191
12.63660,-2.98796,-1.66636,5.0,1,355254
11.56399,-2.19788,-0.38307,5.0,1,355312
10.31901,-2.77727,-0.58897,5.0,1,355381
 9.67736,-1.67115,-0.99120,5.0,1,355437
 9.85932,-3.11246, 0.45490,5.0,1,355494
 9.55765,-2.40378,-0.26815,5.0,1,355550
 8.17859,-0.46448,-0.41180,5.0,1,355605
 7.59920,-1.92973, 1.08218,5.0,1,355662
 7.51779,-1.62327, 0.44532,5.0,1,355720
 6.78996,-2.31280,-0.73263,5.0,1,355776
 7.51300,-3.46680, 1.35512,5.0,1,355832
 7.74285,-3.01669,-0.34477,5.0,1,355888
 8.11156,-2.02071, 2.15478,5.0,1,355946
 7.28795,-1.98240,-0.71347,5.0,1,356001
 7.92002,-0.96726,-0.47405,4.0,1,356058
 7.88650,-1.19231,-0.22505,4.0,1,356113
 5.20021,-0.97683,-0.54588,4.0,1,356169
 5.95677,-1.43652, 0.32561,4.0,1,356225
 8.93995,-2.37026,-0.80445,5.0,1,356280
10.35253,-2.71024, 0.88585,5.0,1,356343
 8.91122,-1.67115,-0.83318,5.0,1,356398
 8.48026,-0.81403,-1.08218,5.0,1,356459
 9.05008,-0.73263,-0.48363,5.0,1,356515
11.00375,-1.44131, 1.88184,5.0,1,356573
 7.80510,-1.68073,-0.59376,5.0,1,356630
 8.09240,-2.38941,-2.14042,5.0,1,356685
 8.91601,-3.19865,-1.79565,5.0,1,356742
10.86010,-2.18351,-0.11013,5.0,1,356805
10.19930,-4.30477,-0.53151,5.0,1,356878
 9.05487,-3.28484,-2.30322,5.0,1,356935
 9.23204,-3.37104,-2.26970,5.0,1,356994
 8.96389,-2.17394,-0.38307,5.0,0,357722
 9.16500,-2.67672,-0.60813,5.0,0,357779
 9.36133,-2.43251,-0.94810,5.0,0,357836
 9.46189,-2.27928,-0.74220,5.0,0,357894
 9.28471,-2.18351,-0.59855,5.0,0,357950
 9.18895,-2.17394,-0.94332,5.0,0,358005
 9.20331,-2.05901,-0.67516,5.0,0,358061
 9.04529,-2.25534,-0.90501,5.0,0,358122
 9.00699,-2.27449,-1.23541,5.0,0,358188
 9.17937,-2.40857,-1.18752,5.0,0,358243
 9.27035,-2.23618,-1.02472,5.0,0,358304
 9.05008,-2.25055,-1.13964,5.0,0,358366
 9.03572,-2.30801,-1.01035,5.0,0,358421
 9.17937,-2.33674,-1.16358,5.0,0,358478
 9.37091,-2.27928,-1.46525,5.0,1,358533
 9.39485,-2.34153,-0.71826,5.0,1,358595
10.20409,-2.44687,-0.66559,5.0,1,358650
11.89918,-3.03585,-1.73340,5.0,1,358710
13.40274,-4.53941,-0.59376,5.0,1,358766
12.32056,-3.13640,-1.02472,5.0,1,358825
11.21923,-2.66714,-0.89543,5.0,1,358880
10.31901,-3.89297,-0.58897,5.0,1,358937
 9.87848,-2.98318,-1.56102,5.0,1,358993
 9.48583,-3.02148, 1.21625,5.0,1,359051
 8.56645,-3.21781, 1.50356,5.0,1,359107
 7.50822,-3.49553, 0.55067,5.0,1,359163
 6.91924,-2.17872,-0.12450,5.0,1,359224
 7.97269,-2.25055,-1.05824,4.0,1,359279
 7.62314,-0.59376,-0.39744,4.0,1,359336
 7.21134,-0.87149, 0.17717,4.0,1,359395
 7.82904,-0.91459,-1.62806,4.0,1,359452
 7.61835,-1.41258,-0.49321,4.0,1,359507
 7.47470, 0.48842,-0.50278,4.0,1,359570
 7.25922,-1.13485, 0.57940,4.0,1,359625
 7.54174, 0.50757,-0.73263,4.0,1,359680
 5.85622, 4.84586,-1.86269,5.0,1,359738
 8.82982, 2.23140,-0.06225,4.0,1,359794
 8.01579,-3.88340, 1.34554,4.0,1,359849
 7.89608,-3.73974,-1.47004,5.0,1,359905
 9.47625,-2.43730, 1.71904,5.0,1,359963
 8.70053,-2.34153,-0.68474,5.0,1,360018
10.90319,-2.25055,-0.30167,5.0,1,360074
10.93671,-2.80600, 0.64643,5.0,1,360132
10.00776,-5.15711,-0.95289,5.0,1,360187
 8.80587,-3.66313,-0.44053,5.0,1,360247
 9.28950,-3.69665,-0.49799,5.0,1,360302
 9.46667,-3.66792,-0.79966,5.0,1,360358
 9.32781,-5.39653,-0.89543,5.0,1,360415
 8.97826,-3.30400,-0.58897,5.0,1,360471
 9.20810,-4.73573,-0.87149,5.0,1,360527
 9.38527,-3.50511,-1.23062,5.0,1,360583
 8.74362,-3.43807,-1.05345,5.0,1,360643
 8.52336,-2.35111,-0.88585,5.0,1,360698
 9.47146,-3.32794,-1.43652,5.0,1,360760
10.51533,-4.06057,-1.49398,5.0,1,360822
11.00375,-3.38540,-0.38307,5.0,1,360877
10.42435,-2.88741,-1.36469,5.0,0,360932
 9.27993,-1.83396,-0.72305,5.0,0,360988
 9.14585,-2.26970,-1.15401,5.0,0,361720
 8.97826,-2.36547,-1.02951,5.0,0,361786
 9.24641,-1.91057,-1.44131,5.0,0,361859
 9.39485,-1.92973,-1.17795,5.0,0,361921
 9.30387,-2.05422,-1.13006,5.0,0,361979
 9.48104,-2.04465,-1.22583,5.0,0,362036
 9.35654,-2.00155,-0.90980,5.0,0,362093
 9.31823,-2.11647,-1.16358,5.0,0,362149
 8.97347,-2.37984,-0.62728,5.0,0,362204
 9.46667,-2.87304,-0.41659,5.0,0,362260
 9.14106,-2.07817,-0.93374,5.0,0,362317
 9.62469,-3.33273,-0.69911,5.0,0,362373
10.07480,-2.92571,-1.24498,5.0,0,362428
10.40520,-3.03106,-0.39744,5.0,1,362486
10.80264,-2.73418,-0.77572,5.0,1,362542
10.15141,-2.22182,-0.84276,5.0,1,362600
 9.01656,-1.74777,-1.03430,5.0,1,362655
 9.71088,-2.75333,-0.00479,5.0,1,362713
10.70687,-4.00789, 0.11013,5.0,1,362770
10.86968,-2.60010, 0.06225,5.0,1,362825
10.16578,-2.33195, 0.21069,5.0,1,362883
 9.87369,-1.55623, 0.22505,5.0,1,362938
 9.47625,-1.98719, 0.33519,5.0,1,363000
 9.35175,-3.95043, 0.61292,5.0,1,363056
 9.27035,-2.10211,-0.63686,5.0,1,363117
 8.52336,-1.89621, 0.74699,5.0,1,363176
 8.95431,-4.19943, 1.43173,5.0,1,363231
 9.52892,-4.01268,-0.58897,4.0,1,363286
 8.82503,-5.16669, 1.46525,4.0,1,363343
10.55843,-4.42927,-0.74699,5.0,1,364072
10.24718,-2.80122,-1.07260,5.0,1,364128
10.31422,-1.66158,-1.42694,4.0,1,364183
 9.41400,-4.09408, 0.25379,4.0,1,364242
 8.59997,-1.67115,-1.20668,4.0,1,364297
 8.22648,-4.29999,-0.40701,4.0,1,364356
 8.80587,-3.41892,-0.38786,4.0,1,364412
 8.29351,-3.84988,-1.10612,4.0,1,364469
 8.57603,-3.30879,-1.87227,4.0,1,364524
 8.05409,-3.05500,-1.69031,4.0,1,364580
 8.30788,-2.78685,-2.15957,4.0,1,364637
 9.02614,-3.13640,-2.28886,5.0,1,364697
 9.50019,-2.89220,-1.90100,5.0,1,364754
11.82257,-3.50511,-1.72861,5.0,1,364820
13.15374,-4.00789,-0.74220,5.0,1,364877
11.66934,-2.93050,-1.13964,5.0,1,364932
 7.86256,-1.19231,-2.61447,5.0,1,365007
 7.00543,-1.62327,-1.29287,5.0,0,365062
 7.36935,-1.67594,-1.43173,5.0,0,365120
 8.05888,-1.62327,-2.34153,5.0,0,365177
 8.13071,-1.77171,-2.66235,5.0,0,365235
 7.73806,-1.54187,-3.74932,5.0,0,365295
 6.78517,-0.79487,-4.77883,5.0,0,365354
 5.71257,-1.44131,-5.54976,5.0,0,365409
 5.74130,-1.90578,-6.06691,5.0,0,365472
 3.78763,-0.54109,-6.65109,5.0,0,365529
 2.68629, 0.78530,-9.28471,5.0,0,365584
 2.04944, 2.00155,-7.92481,5.0,0,365641
-1.61369, 7.06768,-6.52659,3.0,0,365696
-5.05655, 8.19775,-6.48350,3.0,0,365751
-6.75165, 1.51792,-4.26168,7.0,0,365807
-8.03015, 7.56089,-6.17225,3.0,0,365865
-8.36055, 8.06846,-3.43329,7.0,0,365922
-9.45710, 6.43083,-2.26491,7.0,0,365981
-10.66856, 5.72693,-3.21781,7.0,0,366036
-11.94707, 4.97515,-2.61926,7.0,0,366096
-11.70765, 5.16190,-1.79086,7.0,0,366154
-11.30542, 4.63039,-1.45089,7.0,0,366209
-9.52892, 2.45645,-2.82516,7.0,0,366265
-10.56801, 2.99275,-0.59855,7.0,0,366340
-10.53449, 2.26491,-0.38307,7.0,0,366400
-10.47703, 2.87783, 0.53630,7.0,0,366459
-11.08037, 1.96325, 0.11971,7.0,0,366516
-10.08917, 2.10211,-1.43652,7.0,0,367301
-10.05086, 2.29365,-0.85712,7.0,0,367357
-10.27591, 3.04064,-0.75657,7.0,0,367419
-10.50576, 2.13563,-1.23062,7.0,0,367474
-10.15141, 2.48518,-0.39265,7.0,0,367530
-9.77792, 2.40857,-0.52194,7.0,0,367587
-9.05008, 2.55701,-1.33596,7.0,0,367642
-10.18972, 3.42850,-0.02873,7.0,0,367699
-9.68694, 3.34709,-1.98719,7.0,0,367757
-10.18015, 3.62482,-2.37505,7.0,0,367814
-10.39084, 6.30154,-1.27372,7.0,0,367869
-11.10910, 6.09085,-3.05500,7.0,0,367929
-9.58160, 7.43639,-2.22661,7.0,0,367986
-9.55765, 8.33661,-5.11880,7.0,0,368043
-6.78517, 7.66145,-4.34308,7.0,0,368099
-5.91368, 8.52815,-5.59764,7.0,0,368154
-3.36625,10.14184,-5.15711,3.0,0,368210
-1.61848, 9.98861,-6.81869,3.0,0,368265
-0.21548, 6.64152,-5.82270,3.0,0,368324
 1.13006, 6.63194,-8.36534,3.0,0,368379
 2.80600, 4.46279,-5.30076,3.0,0,368453
 6.17704, 3.03585,-6.22014,5.0,0,368508
 6.78996,-0.16759,-4.61602,5.0,0,368563
 5.45878,-1.75734,-5.82749,5.0,0,368618
 7.22570,-0.82361,-4.72137,5.0,0,368680
 7.37414,-1.46525,-1.72383,5.0,0,368736
 7.69496, 0.57940,-5.95677,5.0,0,368793
 6.48350,-1.10612,-4.83150,5.0,0,368848
 7.79073,-0.12450,-2.84910,5.0,0,368904
 7.31189,-1.58017,-4.28562,5.0,0,368963
 8.17859,-2.60489,-2.14520,5.0,0,369020
 7.80989,-3.39977,-3.14119,5.0,0,369076
 8.49463,-2.89698,-1.40779,5.0,0,369131
 9.76834,-3.51469, 0.17717,5.0,0,369188
 9.29429,-3.21781,-1.86269,5.0,0,369249
 9.22725,-3.27527,-0.18196,5.0,0,369307
 8.11156,-4.12282,-2.09732,5.0,0,369363
 8.54251,-4.24731, 0.52672,5.0,0,369419
 8.90643,-3.36625,-0.47405,5.0,0,369476
 9.05966,-2.84910,-1.25935,5.0,0,369543
 9.34218,-3.69665, 0.16281,5.0,0,369600
 8.28873,-4.14676,-1.25935,5.0,0,369656
 8.71489,-4.08930,-1.15879,5.0,0,369712
 8.71489,-3.57215,-0.56982,5.0,0,369771
 8.82024,-4.57293, 0.40223,5.0,0,369826
 8.55688,-3.58173,-0.68953,5.0,0,369883
 8.33182,-4.97994,-0.28252,5.0,0,369941
 8.70053,-3.73017,-1.47483,5.0,0,370000
 9.00220,-4.63039, 0.11492,5.0,0,370056
 8.64786,-4.10845,-0.88585,5.0,0,370112
 9.14106,-3.64876, 0.37350,5.0,0,370171
 8.84897,-3.48117, 0.05746,5.0,0,370229
 8.51378,-3.76368,-0.17238,5.0,0,370285
 8.03015,-3.57215,-1.44131,5.0,0,370350
 8.67180,-4.55377, 0.25379,5.0,0,370407
 8.33182,-2.97360,-2.06859,5.0,0,370462
 9.28950,-4.43406, 0.55545,5.0,0,370521
 9.02135,-4.19464, 0.18675,5.0,0,370576
 8.71011,-4.20901,-1.20189,5.0,0,370632
 8.57603,-3.29442, 0.27773,5.0,0,370692
 8.14029,-3.62961,-0.47405,5.0,0,370747
 8.84897,-3.69665, 0.01437,5.0,0,370802
 8.87770,-4.31914,-0.79009,5.0,0,370861
 9.20331,-3.75411, 0.60813,5.0,0,370918
 8.65265,-3.39498, 0.13408,5.0,0,370973
 8.64307,-3.36146,-0.02873,5.0,0,371028
 8.70053,-3.38540,-0.55545,5.0,0,371088
 8.78193,-3.84509, 0.17717,5.0,0,371143
 8.55688,-3.89297, 0.08140,5.0,0,371206
 8.59040,-3.51469,-1.22583,5.0,0,371266
 8.71968,-4.71179, 0.44532,5.0,0,371321
 8.82982,-4.01747,-0.52672,5.0,0,371376
 9.07881,-4.04620,-0.38786,5.0,0,371432
 8.92080,-3.58651,-2.04465,5.0,0,371487
 8.94474,-4.18985, 0.66080,5.0,0,371543
 8.41323,-3.56736,-0.43096,5.0,0,371601
 8.71489,-4.09408,-0.30646,5.0,0,371655
 8.58561,-3.62482,-0.36392,5.0,0,371717
 8.62870,-3.37104,-0.54588,5.0,0,371774
 8.96868,-3.63919,-0.12929,5.0,0,371830
 8.99262,-3.68228, 0.11971,5.0,0,371887
 8.95910,-3.52905,-0.31603,5.0,0,371943
 8.91122,-3.37104,-0.71826,5.0,0,371998
 8.70532,-3.74932,-0.40223,5.0,1,372053
 8.56645,-4.29520,-0.07183,5.0,1,372112
 8.45153,-3.51469,-0.66080,5.0,1,372169
 9.40442,-4.47716,-0.09098,5.0,1,372229
10.56322,-5.84185,-0.48363,5.0,1,372284
10.55364,-4.76925,-0.64643,5.0,1,372340
11.52569,-5.73172,-0.10056,5.0,1,372398
11.06121,-4.61123,-0.59855,5.0,1,372454
10.15620,-3.46202,-0.45011,5.0,1,372510
 9.46667,-2.93529,-0.41659,5.0,1,372565
 9.06924,-3.36146,-0.53630,5.0,1,372626
 8.91122,-2.34153,-0.46448,5.0,1,372684
 8.98304,-5.24809, 2.39420,4.0,1,372742
 8.93037,-1.48441,-0.20111,4.0,1,372797
 8.32224, 0.57461,-1.60412,4.0,1,372853
 6.93840,-2.06380,-0.38786,5.0,1,372910
 6.42125,-2.70066,-0.96247,5.0,1,372974
 4.67827,-0.73263,-0.56024,5.0,1,373035
 6.00945,-2.17394,-0.80445,5.0,1,373091
 7.82425, 0.19154,-0.51715,5.0,1,373153
 6.85699,-1.69509, 0.05267,5.0,1,373220
 7.30710,-1.35991,-2.34153,5.0,1,373276
 8.55209,-1.59933,-3.39498,5.0,1,373331
 9.42837,-1.51792,-1.60890,5.0,1,373387
 9.22246,-5.52582,-0.65122,5.0,1,373444
 8.71011,-4.32872,-2.78685,5.0,1,373500
 9.27035,-4.02705,-1.69509,5.0,1,373560
 9.14106,-4.85065,-2.68151,5.0,1,373660
 9.40921,-3.73017,-1.34554,5.0,1,373716
 9.45710,-4.40533,-2.41336,5.0,1,373772
 8.80587,-4.98952,-1.32160,5.0,1,373831
 8.52815,-3.76847,-1.88184,5.0,1,373887
 8.79630,-4.01268,-2.03986,5.0,1,373942
 9.44273,-2.97839,-3.20344,5.0,1,373998
 9.98382,-4.68306,-0.70868,5.0,0,374058
10.16099,-3.84030,-1.30245,5.0,0,374118
 9.35654,-3.41413,-1.44610,5.0,0,374174
 9.26077,-3.04064,-2.75333,5.0,0,374229
 8.73884,-3.41892,-0.80924,5.0,0,374285
 8.14507,-2.86347,-1.91536,5.0,0,374341
 8.71489,-3.27527,-1.57060,5.0,0,374397
 8.93516,-3.32794,-0.69432,5.0,0,375231
 8.76278,-3.40934,-0.60334,5.0,0,375287
 8.74841,-3.26090,-0.62249,5.0,0,375342
 8.87770,-2.96881,-0.57461,5.0,0,375405
 9.13627,-3.05500,-0.42138,5.0,0,375467
 9.01178,-2.98318,-0.71826,5.0,0,375522
 9.26556,-3.69186,-0.48842,5.0,0,375578
 9.41400,-3.42850,-1.28329,5.0,0,375634
 9.74919,-3.20344,-0.30167,5.0,1,375689
10.46266,-3.75411,-0.37828,5.0,1,375747
11.89439,-4.70700,-1.23062,5.0,1,375802
11.83214,-4.13718,-0.35434,5.0,1,375859
11.14261,-3.64398,-0.27773,5.0,1,375917
10.21845,-4.41970, 0.23463,5.0,1,375974
 9.84017,-3.03106,-2.10211,5.0,1,376029
 9.18416,-5.97114, 1.71904,5.0,1,376087
 7.52737,-0.38786,-0.44053,4.0,1,376143
 8.05888,-3.82593, 2.16915,4.0,1,376200
 7.62793,-3.10767, 0.48842,4.0,1,376255
 7.46512,-1.36948, 0.62728,4.0,1,376394
 7.21612,-0.93853, 0.24900,4.0,1,376451
 3.73017, 2.84431, 1.24020,5.0,1,376506
 4.74052,-3.62961, 1.50835,5.0,1,376572
 5.55455,-4.60644, 0.78051,5.0,1,376631
 6.40210,-2.69587,-4.05099,5.0,1,376687
 9.81144,-0.17717, 0.51236,5.0,1,376769
10.34295,-2.76291, 0.80445,5.0,1,376826
11.58794,-1.57538, 2.19309,4.0,1,376883
10.74997,-6.59363,-1.62806,5.0,1,376941
10.34295,-4.53941,-2.60489,5.0,1,376998
 9.30387,-2.70545,-2.11647,5.0,1,377056
 8.69574,-4.49631,-0.76614,5.0,1,377116
 9.17937,-3.05979,-1.69031,5.0,1,377178
 8.78672,-4.26647,-1.19231,5.0,1,377244
 8.61434,-3.62961,-2.23140,5.0,1,377300
 8.56167,-4.57293,-0.65601,5.0,1,377357
 8.85376,-4.92248,-1.83875,5.0,1,377417
 9.58638,-4.58250,-1.34075,5.0,1,377472
10.50576,-4.14676,-1.73819,5.0,1,377528
 9.44752,-3.42850,-2.01113,5.0,0,377666
 9.75877,-2.48997,-1.50835,5.0,0,377724
 8.95910,-2.02071,-1.29287,5.0,0,377780
 9.05487,-1.96325,-1.78129,5.0,0,377835
 8.73405,-3.06937,-2.32238,5.0,0,377896
 8.78672,-2.88741,-1.00556,5.0,0,377952
 8.79630,-3.76368,-1.81959,5.0,0,378009
 8.90643,-3.49553,-1.24020,5.0,0,378064
 8.60955,-3.26090,-1.33596,5.0,0,378121
 8.98783,-2.84910,-1.01035,5.0,0,378177
 9.05487,-2.79643,-1.68073,5.0,0,378237
 9.05966,-2.88741,-1.65679,5.0,0,378313
 8.95910,-2.72939,-1.81002,5.0,0,378370
 9.05008,-3.09331,-0.54109,5.0,0,378428
 9.01656,-2.96402,-0.91937,5.0,0,378484
 8.98783,-3.48117,-0.44053,5.0,0,378542
 8.87770,-3.14598,-0.87149,5.0,0,378599
 8.75320,-3.27527,-0.67995,5.0,0,378654
 9.07881,-3.16992,-1.19710,5.0,0,378714
 9.05487,-3.45723,-0.73263,5.0,1,378771
 9.13627,-3.49553,-0.58897,5.0,1,378828
10.56801,-4.34787,-0.54588,5.0,1,378885
11.62146,-4.28562,-0.58897,5.0,1,378942
11.44907,-3.99832,-0.64643,5.0,1,378999
11.35809,-4.24253,-0.06225,5.0,1,379054
10.52012,-3.32794,-0.93853,5.0,1,379110
10.17536,-2.37026,-2.14042,5.0,1,379165
10.09395,-3.17950, 1.69509,5.0,1,379224
 9.29429,-4.73573, 0.61292,5.0,1,379280
 7.89608,-3.44765,-0.84755,5.0,1,379336
 7.26880,-1.10612,-0.80924,5.0,1,379400
 7.20655,-3.15556, 0.50278,5.0,1,379463
 7.38851,-4.34787, 0.17238,5.0,1,379520
 5.99987,-1.16837,-1.22104,5.0,1,379576
 6.58884, 1.01035,-1.22104,5.0,1,379632
10.18015,-0.64643,-0.14365,5.0,1,379690
 7.97748,-3.15077,-0.06704,5.0,1,379752
 3.13640,-4.94163, 1.84354,4.0,1,379808
 3.62003,-1.17316,-0.62728,4.0,1,379864
 6.89530,-4.22816,-0.78530,5.0,1,379920
10.35732,-4.52504, 2.89698,4.0,1,379977
 5.55455, 0.04788,-1.89142,5.0,1,380032
 6.95755, 1.35512,-3.16035,5.0,1,380088
11.77947, 0.95768, 0.83318,4.0,1,380147
 9.92157,-0.45969,-0.94332,4.0,1,380203
10.49618,-4.18506,-0.55067,4.0,1,380259
 9.55765,-4.00311, 0.11492,4.0,1,380322
 8.88249,-2.94008,-0.60813,4.0,1,380380
 8.88728,-2.67672,-1.73340,4.0,1,380436
 9.27993,-3.48117,-1.80044,4.0,1,380491
 9.41400,-4.45322,-0.67038,4.0,1,380547
 9.07881,-2.98796,-1.42216,4.0,1,380602
 8.93516,-2.65756,-1.86269,4.0,1,380658
 9.49540,-3.17471,-1.71425,5.0,1,380713
 9.32302,-3.59130,-2.27928,5.0,1,380769
10.67335,-3.16035,-3.35667,5.0,1,380833
11.25275,-4.30956,-1.38864,5.0,1,380891
 9.73482,-3.36625,-2.15957,5.0,1,380946
 8.57603,-2.27449,-1.06303,5.0,1,381001
 7.46991,-1.80523,-2.45645,5.0,0,381057
-8.39886, 7.14430,-6.89051,7.0,0,381892
-12.97657, 6.33985,-2.69108,7.0,0,381947
-11.03727, 4.93206,-2.42772,7.0,0,382002
-12.41633, 4.07972,-1.87227,7.0,0,382060
-13.45541, 2.51870,-2.45166,7.0,0,382118
-10.60631, 3.08373,-2.76291,7.0,0,382174
-9.72046, 2.02549,-2.02549,7.0,0,382245
-9.35654, 2.94008,-1.50356,7.0,0,382302
-10.04607, 2.48518,-0.34477,7.0,0,382357
-10.17057, 2.72460, 0.07661,7.0,0,382413
-11.11388, 0.43096, 0.90980,7.0,0,382468
-11.23359, 1.50835, 0.38307,7.0,0,382525
-10.26155, 1.86269, 0.90980,7.0,0,382581
-9.73482, 2.15478, 0.84755,7.0,0,382640
-9.67257, 2.96402, 0.59855,7.0,0,382696
-9.95509, 2.96402, 0.16759,7.0,0,382752
-10.00776, 2.64320,-0.27294,7.0,0,382812
-10.01734, 1.69988, 0.18196,7.0,0,382867
-9.47146, 2.42772,-0.48842,7.0,0,382923
-8.72926, 2.92093,-0.47884,7.0,0,382981
-9.66300, 2.59531,-0.90501,7.0,0,383046
-10.20409, 2.07817, 0.26815,7.0,0,383101
-10.19451, 3.21302,-0.45011,7.0,0,383157
-8.89207, 2.73418,-1.35991,7.0,0,383217
-9.22725, 3.14119,-0.12929,7.0,0,383275
-9.87848, 2.31280,-0.80924,7.0,0,383337
-10.57758, 3.02148,-0.50757,7.0,0,383394
-10.88883, 2.07817,-1.02472,7.0,0,383449
-9.82580, 3.01669,-2.20745,7.0,0,383505
-9.27514, 2.42293,-1.64721,7.0,0,383560
-9.09318, 2.19309,-1.05824,7.0,0,383616
-9.89763, 2.19788,-1.41737,7.0,0,383672
-8.89685, 2.15478,-1.15401,7.0,0,383727
-9.02614, 2.90656,-1.89142,7.0,0,383785
-9.04529, 2.90656,-1.57060,7.0,0,383841
-7.72848, 3.01191,-1.06781,7.0,0,383902
-7.68060, 2.46124,-1.82917,7.0,0,383959
-8.14507, 2.93050,-1.81959,7.0,0,384015
-8.99262, 2.81558,-1.83396,7.0,0,384074
-9.06924, 3.25611,-0.68953,7.0,0,384129
-10.24239, 3.57694,-1.46046,7.0,0,384184
-10.30464, 3.80199,-0.75178,7.0,0,384241
-11.08037, 4.06057,-0.98641,7.0,0,384298
-12.07156, 1.70467, 0.22984,7.0,0,384353
-10.42435, 2.23140,-0.43096,7.0,0,384414
-9.34218, 3.28006, 0.25857,7.0,0,384470
-10.63026, 1.58975,-0.33519,7.0,0,384528
-11.05642, 2.20745, 0.31603,7.0,0,384585
-9.52413, 1.26893,-0.11492,7.0,0,384642
-8.59040, 2.16915,-1.24498,7.0,0,384698
-7.93438, 3.43329,-0.22027,7.0,0,384753
-9.32781, 3.29921,-0.04788,7.0,0,384810
-8.89207, 3.73017, 0.33040,7.0,0,384870
-10.94150, 4.31914,-1.46525,7.0,0,384929
-11.30542, 4.13718,-0.69432,7.0,0,384984
-11.54484, 3.13162,-1.44610,7.0,0,385040
-11.85130, 2.73418,-0.99599,7.0,0,385096
-10.36689, 2.15478,-2.29843,7.0,0,385152
-9.21768, 1.62806, 0.08619,7.0,0,385207
-9.74440, 1.71425,-2.07817,7.0,0,385263
-8.35576, 2.31759,-0.88107,7.0,0,385322
-10.03170, 2.16436,-2.22661,7.0,0,385377
-9.89284, 2.09732,-2.04944,7.0,0,385442
-8.35576, 3.26090,-1.16837,7.0,0,385498
-7.99663, 5.68384,-1.33118,7.0,0,385553
-8.67180, 5.31992,-1.21147,7.0,0,385608
-8.28394, 7.87692,-1.22583,7.0,0,385667
-7.69496, 6.17704,-2.40378,7.0,0,385722
-6.88572, 6.15310,-0.53151,7.0,0,385778
-9.19852, 6.62236, 0.10534,7.0,0,385833
-9.35654, 5.26724, 0.35434,7.0,0,385896
-9.71567, 5.95199, 1.75256,7.0,0,385952
-8.27436, 5.80354, 0.43096,7.0,0,386014
-7.94875, 5.17626, 0.91459,7.0,0,386069
-8.24563, 6.85699, 1.21147,7.0,0,386128
-7.62314, 4.48195,-0.65122,7.0,0,386184
-8.23127, 7.00543,-0.07183,7.0,0,386244
-7.43639, 6.88572,-0.25857,7.0,0,386299
-8.08761, 8.23605,-1.33118,7.0,0,386361
-8.11634, 5.86101, 0.07183,7.0,0,386417
-9.25598, 7.58962, 0.65601,7.0,0,386473
-9.19373, 6.05254, 0.19632,7.0,0,386530
-8.25042, 4.99909,-0.42617,7.0,0,386585
-8.37013, 4.25210,-0.44053,7.0,0,386641
-7.30232, 3.96480,-1.23541,7.0,0,386702
-8.42280, 3.99832,-0.24421,7.0,0,386758
-6.34942, 4.85544,-1.72383,7.0,0,386817
-7.50822, 4.27126,-1.09176,7.0,0,386874
-6.79474, 3.96959,-1.15401,7.0,0,386929
-6.98628, 5.23851,-0.24421,7.0,0,386986
-7.62314, 3.68228, 0.10534,7.0,0,387041
-8.16423, 3.80199,-0.90501,7.0,0,387098
-9.04529, 5.09486, 1.06781,7.0,0,387154
-10.23282, 2.23618,-0.43096,7.0,0,387211
-8.63828, 2.30801, 0.44532,7.0,0,387270
-10.87925, 2.86347,-1.14443,7.0,0,387327
-7.31668, 2.59531, 1.74777,7.0,0,387383
-10.27112, 1.34554, 0.27294,7.0,0,387440
-9.92157, 0.99120, 1.45089,7.0,0,387495
-8.37013, 0.54588, 1.41737,7.0,0,387553
-11.49696, 1.68552, 0.84755,6.0,0,387612
-9.28950,-0.75657, 3.62482,6.0,0,387668
-10.98460, 1.96325, 0.47405,6.0,0,387724
-13.22557,-0.43096, 2.44687,6.0,0,387780
-12.32056, 0.89543, 2.20745,6.0,0,387835
-13.48893, 1.47483, 1.45089,6.0,0,387893
-11.75074,-1.49877, 0.29688,6.0,0,387948
-11.84172, 1.29766, 0.62249,6.0,0,388003
-10.51055,-0.15323, 0.59855,6.0,0,388058
-10.21845, 1.09654, 1.69988,6.0,0,388114
-9.45231, 1.70946, 0.85234,6.0,0,388173
-10.80264, 1.07260, 1.01993,6.0,0,388229
-9.60075, 0.76614, 1.34075,6.0,0,388283
-10.05086, 1.86269, 1.18274,6.0,0,388342
-9.28950, 1.59454, 0.70390,6.0,0,388397
-9.39964, 0.33998,-0.39265,6.0,0,388454
-9.66300, 0.43096, 0.90501,6.0,0,388510
-10.22324, 0.38307,-1.24498,6.0,0,388566
-11.85609, 1.49398, 1.53229,6.0,0,388624
-10.29986, 0.71347, 0.68953,6.0,0,388679
-10.04128, 2.16436, 0.11013,6.0,0,388737
-9.62469, 3.26090, 2.07817,6.0,0,389459
-8.04931, 1.38385, 0.03352,7.0,0,389520
-10.23282, 0.80445, 0.59855,6.0,0,389575
-9.57681, 0.13408, 1.38385,7.0,0,389645
-11.03727, 1.22583, 0.25857,7.0,0,389704
-10.24239, 1.44610, 2.52349,6.0,0,389762
-9.44273, 1.89142, 1.52271,6.0,0,389817
-9.80665, 2.56658,-1.55623,7.0,0,389875
-10.07959, 3.22738,-1.35512,7.0,0,389931
-10.13226, 2.06859,-1.41258,7.0,0,389988
-10.54885, 2.40378, 0.14365,7.0,0,390048
-10.17536, 1.47483,-1.22104,7.0,0,390106
-9.94073, 1.64242,-0.46926,7.0,0,390161
-11.08037, 1.63763, 1.07739,7.0,0,390217
-11.43471, 2.58095, 2.33195,7.0,0,390272
-12.33493, 1.52750, 0.94810,6.0,0,390327
-10.92714, 1.80523, 0.76614,6.0,0,390383
-10.54885, 2.79643, 0.97205,6.0,0,390442
-9.67257, 3.83072, 0.48842,6.0,0,390497
-8.80109, 3.49075, 0.60813,6.0,0,390553
-8.82503, 5.27203, 0.19632,6.0,0,390608
-8.51378, 4.97515, 0.77093,6.0,0,390664
-9.45710, 6.76601, 1.09654,6.0,0,390724
-9.72525, 5.43963, 0.58897,6.0,0,390779
-9.42358, 5.36301, 1.77171,6.0,0,390836
-9.39006, 4.75488, 1.75734,6.0,0,390891
-9.78271, 3.04542, 1.23541,6.0,0,390948
-9.14106, 3.50032, 1.64242,6.0,0,391004
-8.76278, 5.65510, 1.36948,6.0,0,391059
-8.82503, 4.19943, 0.60813,6.0,0,391116
-8.30788, 5.94720,-0.02873,6.0,0,391172
-8.46590, 4.37660, 0.47405,6.0,0,391231
-7.80510, 5.74130, 0.15323,6.0,0,391288
-7.42203, 4.27126, 0.15802,6.0,0,391343
-8.09719, 4.02226,-1.13485,6.0,0,391399
-8.33661, 4.26647,-0.20111,6.0,0,391457
-7.62314, 4.77404,-0.51236,6.0,0,391517
-8.03494, 6.09085,-1.49398,6.0,0,391573
-9.58160, 6.88572,-2.44687,7.0,0,391628
-9.58638, 8.66701,-2.99754,7.0,0,391696
-8.04931, 6.24408,-3.59130,7.0,0,391752
-7.91523, 5.73651,-4.44843,7.0,0,391808
-2.60489, 7.42681,-5.11880,3.0,0,392437
-2.50912, 7.45554,-5.41568,3.0,0,392493
-3.39019, 8.56167,-5.76045,3.0,0,392551
-3.70144, 7.54652,-5.09965,3.0,0,392610
-4.44364, 6.67982,-4.76446,3.0,0,392668
-5.09965, 6.81390,-5.15232,3.0,0,392723
-5.86579, 7.17303,-5.10923,3.0,0,392783
-5.95199, 6.34463,-5.29597,3.0,0,392840
-6.35900, 6.17225,-5.75087,3.0,0,392903
-6.41646, 6.95276,-5.01346,3.0,0,392961
-5.76524, 6.52659,-4.80756,3.0,0,393016
-5.43963, 6.69419,-4.61602,3.0,0,393071
-4.72615, 6.70855,-3.24175,3.0,0,393128
-5.63595, 7.15387,-5.51145,3.0,0,393184
-4.35266, 6.18662,-4.90811,3.0,0,393248
-4.48195, 8.52336,-5.33907,3.0,0,393308
-3.88818, 7.56568,-4.75010,3.0,0,393364
-19.61330, 6.13873,-19.61330,3.0,0,393427
-7.45076,10.08438,-5.50666,3.0,0,393483
-2.41814, 8.41801,-4.99430,3.0,0,393540
-1.73819, 6.41646,-6.32548,3.0,0,393596
-3.17471, 8.33661,-6.08606,3.0,0,393651
-2.85868, 6.10521,-7.06289,3.0,0,393707
-1.59454, 6.12916,-6.85221,3.0,0,393762
-1.70467, 6.62236,-7.29753,3.0,0,393824
-1.50835, 7.95833,-7.78594,3.0,0,393881
-1.18274, 6.88572,-8.01100,3.0,0,393938
-0.79966, 6.47871,-7.75721,3.0,0,394015
-1.80044, 5.31992,-8.29830,3.0,0,394077
-2.44209, 4.33829,-8.48984,3.0,0,394134
-2.87783, 3.14119,-8.67659,3.0,0,394189
-2.32716, 2.62883,-8.92080,3.0,0,394245
-4.77883, 0.39265,-9.55287,7.0,0,394300
-1.81959, 1.98719,-9.07881,7.0,0,394356
-3.38061, 2.69587,-8.80587,7.0,0,394413
-1.15401, 1.67594,-9.38527,7.0,0,394471
-2.03028, 2.53307,-9.34218,7.0,0,394527
 0.95768, 1.30245,-10.01255,7.0,0,394589
 1.24977, 1.95367,-13.69005,7.0,0,394644
-1.96803, 2.69587,-9.48104,3.0,0,394702
-1.87705, 2.57616,-9.05966,3.0,0,394758
-2.73418, 2.48039,-9.37569,3.0,0,394814
-2.75333, 3.27048,-8.84897,3.0,0,394871
-3.20344, 2.80122,-9.00220,3.0,0,394939
-2.52349, 2.27928,-9.08360,3.0,0,394994
-3.15556, 2.26970,-9.24162,3.0,0,395051
-3.20344, 2.93529,-9.31823,