 3.33752,-19.61330,-12.41633,0.0,0,48512
 3.33752,-19.61330,-12.41633,0.0,0,48569
 3.33752,-19.61330,-12.41633,0.0,0,48643
 3.33752,-19.61330,-12.41633,0.0,0,48699
 3.33752,-19.61330,-12.41633,0.0,0,48758
 3.33752,-19.61330,-12.41633,0.0,0,48814
 3.33752,-19.61330,-12.41633,0.0,0,48873
 3.33752,-19.61330,-12.41633,0.0,0,48980
 3.33752,-19.61330,-12.41633,0.0,0,49045
 3.33752,-19.61330,-12.41633,0.0,0,49102
 3.33752,-19.61330,-12.41633,0.0,0,49159
 3.33752,-19.61330,-12.41633,0.0,0,49219
 3.33752,-19.61330,-12.41633,0.0,0,49274
 3.33752,-19.61330,-12.41633,0.0,0,49331
 3.33752,-19.61330,-12.41633,0.0,0,49387
 3.33752,-19.61330,-12.41633,0.0,0,49442
 3.33752,-19.61330,-12.41633,0.0,0,49498
 3.33752,-19.61330,-12.41633,0.0,0,49555
 3.33752,-19.61330,-12.41633,0.0,0,49613
 3.33752,-19.61330,-12.41633,0.0,0,49669
 3.33752,-19.61330,-12.41633,0.0,0,49724
 3.33752,-19.61330,-12.41633,0.0,0,49785
 3.33752,-19.61330,-12.41633,0.0,0,49840
 3.33752,-19.61330,-12.41633,0.0,0,49900
 3.33752,-19.61330,-12.41633,0.0,0,49960
 3.33752,-19.61330,-12.41633,0.0,0,50015
 3.33752,-19.61330,-12.41633,0.0,0,50071
 3.33752,-19.61330,-12.41633,0.0,0,50127
 3.33752,-19.61330,-12.41633,0.0,0,50184
 3.33752,-19.61330,-12.41633,0.0,0,50244
 3.33752,-19.61330,-12.41633,0.0,0,50299
 3.33752,-19.61330,-12.41633,0.0,0,50356
 3.33752,-19.61330,-12.41633,0.0,0,50412
 3.33752,-19.61330,-12.41633,0.0,0,50472
 3.33752,-19.61330,-12.41633,0.0,0,50528
 3.33752,-19.61330,-12.41633,0.0,0,50586
 3.33752,-19.61330,-12.41633,0.0,0,50668
 3.33752,-19.61330,-12.41633,0.0,0,50725
 3.33752,-19.61330,-12.41633,0.0,0,50781
 3.33752,-19.61330,-12.41633,0.0,0,50836
 3.33752,-19.61330,-12.41633,0.0,0,50896
 3.33752,-19.61330,-12.41633,0.0,0,50961
 3.33752,-19.61330,-12.41633,0.0,0,51017
 3.33752,-19.61330,-12.41633,0.0,0,51073
 3.33752,-19.61330,-12.41633,0.0,0,51129
 3.33752,-19.61330,-12.41633,0.0,0,51188
 3.33752,-19.61330,-12.41633,0.0,0,51244
 3.33752,-19.61330,-12.41633,0.0,0,51299
 3.33752,-19.61330,-12.41633,0.0,0,51355
 3.33752,-19.61330,-12.41633,0.0,0,51411
 3.33752,-19.61330,-12.41633,0.0,0,51467
 3.33752,-19.61330,-12.41633,0.0,0,51525
 3.33752,-19.61330,-12.41633,0.0,0,51580
 3.33752,-19.61330,-12.41633,0.0,0,51640
 3.33752,-19.61330,-12.41633,0.0,0,51697
 3.33752,-19.61330,-12.41633,0.0,0,51752
 3.33752,-19.61330,-12.41633,0.0,0,51808
 3.33752,-19.61330,-12.41633,0.0,0,51865
 3.33752,-19.61330,-12.41633,0.0,0,51920
 3.33752,-19.61330,-12.41633,0.0,0,51977
 3.33752,-19.61330,-12.41633,0.0,0,52038
 3.33752,-19.61330,-12.41633,0.0,0,52095
 3.33752,-19.61330,-12.41633,0.0,0,52152
 3.33752,-19.61330,-12.41633,0.0,0,52208
 3.33752,-19.61330,-12.41633,0.0,0,52264
 3.33752,-19.61330,-12.41633,0.0,0,52328
 3.33752,-19.61330,-12.41633,0.0,0,52383
 3.33752,-19.61330,-12.41633,0.0,0,52447
 3.33752,-19.61330,-12.41633,0.0,0,52503
 3.33752,-19.61330,-12.41633,0.0,0,52565
 3.33752,-19.61330,-12.41633,0.0,0,52634
 3.33752,-19.61330,-12.41633,0.0,0,52692
 3.33752,-19.61330,-12.41633,0.0,0,52754
 3.33752,-19.61330,-12.41633,0.0,0,52809
 3.33752,-19.61330,-12.41633,0.0,0,52869
 3.33752,-19.61330,-12.41633,0.0,0,52928
 3.33752,-19.61330,-12.41633,0.0,0,52984
 3.33752,-19.61330,-12.41633,0.0,0,53039
 3.33752,-19.61330,-12.41633,0.0,0,53095
 3.33752,-19.61330,-12.41633,0.0,0,53149
 3.33752,-19.61330,-12.41633,0.0,0,53216
 3.33752,-19.61330,-12.41633,0.0,0,53271
 3.33752,-19.61330,-12.41633,0.0,0,53326
 3.33752,-19.61330,-12.41633,0.0,0,53384
 3.33752,-19.61330,-12.41633,0.0,0,53447
 3.33752,-19.61330,-12.41633,0.0,0,53505
 3.33752,-19.61330,-12.41633,0.0,0,53560
 3.33752,-19.61330,-12.41633,0.0,0,53616
 3.33752,-19.61330,-12.41633,0.0,0,53674
 3.33752,-19.61330,-12.41633,0.0,0,53729
 3.33752,-19.61330,-12.41633,0.0,0,53788
 3.33752,-19.61330,-12.41633,0.0,0,53843
 3.33752,-19.61330,-12.41633,0.0,0,53899
 3.33752,-19.61330,-12.41633,0.0,0,53957
 3.33752,-19.61330,-12.41633,0.0,0,54016
 3.33752,-19.61330,-12.41633,0.0,0,54071
 3.33752,-19.61330,-12.41633,0.0,0,54128
 3.33752,-19.61330,-12.41633,0.0,0,54186
 3.33752,-19.61330,-12.41633,0.0,0,54242
 3.33752,-19.61330,-12.41633,0.0,0,54304
 3.33752,-19.61330,-12.41633,0.0,0,54359
 3.33752,-19.61330,-12.41633,0.0,0,54415
 3.33752,-19.61330,-12.41633,0.0,0,54475
 3.33752,-19.61330,-12.41633,0.0,0,54530
 3.33752,-19.61330,-12.41633,0.0,0,54585
 3.33752,-19.61330,-12.41633,0.0,0,54640
 3.33752,-19.61330,-12.41633,0.0,0,54698
 3.33752,-19.61330,-12.41633,0.0,0,54754
 3.33752,-19.61330,-12.41633,0.0,0,54814
 3.33752,-19.61330,-12.41633,0.0,0,54873
 3.33752,-19.61330,-12.41633,0.0,0,54928
 3.33752,-19.61330,-12.41633,0.0,0,54984
 3.33752,-19.61330,-12.41633,0.0,0,55041
 3.33752,-19.61330,-12.41633,0.0,0,55097
 3.33752,-19.61330,-12.41633,0.0,0,55152
 3.33752,-19.61330,-12.41633,0.0,0,55210
 3.33752,-19.61330,-12.41633,0.0,0,55266
 3.33752,-19.61330,-12.41633,0.0,0,55324
 3.33752,-19.61330,-12.41633,0.0,0,55379
 3.33752,-19.61330,-12.41633,0.0,0,55435
 3.33752,-19.61330,-12.41633,0.0,0,55493
 3.33752,-19.61330,-12.41633,0.0,0,55549
 3.33752,-19.61330,-12.41633,0.0,0,55604
 3.33752,-19.61330,-12.41633,0.0,0,55660
 3.33752,-19.61330,-12.41633,0.0,0,55724
 3.33752,-19.61330,-12.41633,0.0,0,55779
 3.33752,-19.61330,-12.41633,0.0,0,55843
 3.33752,-19.61330,-12.41633,0.0,0,55899
 3.33752,-19.61330,-12.41633,0.0,0,55954
 3.33752,-19.61330,-12.41633,0.0,0,56010
 3.33752,-19.61330,-12.41633,0.0,0,56065
 3.33752,-19.61330,-12.41633,0.0,0,56121
 3.33752,-19.61330,-12.41633,0.0,0,56181
 3.33752,-19.61330,-12.41633,0.0,0,56239
 3.33752,-19.61330,-12.41633,0.0,0,56295
 3.33752,-19.61330,-12.41633,0.0,0,56386
 3.33752,-19.61330,-12.41633,0.0,0,56443
 3.33752,-19.61330,-12.41633,0.0,0,56500
 3.33752,-19.61330,-12.41633,0.0,0,56558
 3.33752,-19.61330,-12.41633,0.0,0,56616
 3.33752,-19.61330,-12.41633,0.0,0,56672
 3.33752,-19.61330,-12.41633,0.0,0,56732
 3.33752,-19.61330,-12.41633,0.0,0,56795
 3.33752,-19.61330,-12.41633,0.0,0,56853
 3.33752,-19.61330,-12.41633,0.0,0,56909
 3.33752,-19.61330,-12.41633,0.0,0,56966
 3.33752,-19.61330,-12.41633,0.0,0,57021
 3.33752,-19.61330,-12.41633,0.0,0,57077
 3.33752,-19.61330,-12.41633,0.0,0,57133
 3.33752,-19.61330,-12.41633,0.0,0,57191
 3.33752,-19.61330,-12.41633,0.0,0,57246
 3.33752,-19.61330,-12.41633,0.0,0,57302
 3.33752,-19.61330,-12.41633,0.0,0,57361
 3.33752,-19.61330,-12.41633,0.0,0,57416
 3.33752,-19.61330,-12.41633,0.0,0,57480
 3.33752,-19.61330,-12.41633,0.0,0,57537
 3.33752,-19.61330,-12.41633,0.0,0,57592
 3.33752,-19.61330,-12.41633,0.0,0,57648
 3.33752,-19.61330,-12.41633,0.0,0,57703
 3.33752,-19.61330,-12.41633,0.0,0,57759
 3.33752,-19.61330,-12.41633,0.0,0,57822
 3.33752,-19.61330,-12.41633,0.0,0,57878
 3.33752,-19.61330,-12.41633,0.0,0,57934
 3.33752,-19.61330,-12.41633,0.0,0,57990
 3.33752,-19.61330,-12.41633,0.0,0,58047
 3.33752,-19.61330,-12.41633,0.0,0,58103
 3.33752,-19.61330,-12.41633,0.0,0,58158
 3.33752,-19.61330,-12.41633,0.0,0,58214
 3.33752,-19.61330,-12.41633,0.0,0,58270
 3.33752,-19.61330,-12.41633,0.0,0,58419
 3.33752,-19.61330,-12.41633,0.0,0,58476
 3.33752,-19.61330,-12.41633,0.0,0,58579
 3.33752,-19.61330,-12.41633,0.0,0,58636
 3.33752,-19.61330,-12.41633,0.0,0,58697
 3.33752,-19.61330,-12.41633,0.0,0,58755
 3.33752,-19.61330,-12.41633,0.0,0,58812
 3.33752,-19.61330,-12.41633,0.0,0,58871
 3.33752,-19.61330,-12.41633,0.0,0,58926
 3.33752,-19.61330,-12.41633,0.0,0,58983
 3.33752,-19.61330,-12.41633,0.0,0,59039
 3.33752,-19.61330,-12.41633,0.0,0,59100
 3.33752,-19.61330,-12.41633,0.0,0,59156
 3.33752,-19.61330,-12.41633,0.0,0,59215
 3.33752,-19.61330,-12.41633,0.0,0,59270
 3.33752,-19.61330,-12.41633,0.0,0,59326
 3.33752,-19.61330,-12.41633,0.0,0,59383
 3.33752,-19.61330,-12.41633,0.0,0,59439
 3.33752,-19.61330,-12.41633,0.0,0,59496
 3.33752,-19.61330,-12.41633,0.0,0,59551
 3.33752,-19.61330,-12.41633,0.0,0,59625
 3.33752,-19.61330,-12.41633,0.0,0,59693
 3.33752,-19.61330,-12.41633,0.0,0,59750
 3.33752,-19.61330,-12.41633,0.0,0,59805
 3.33752,-19.61330,-12.41633,0.0,0,59861
 3.33752,-19.61330,-12.41633,0.0,0,59920
 3.33752,-19.61330,-12.41633,0.0,0,59976
 3.33752,-19.61330,-12.41633,0.0,0,60035
 3.33752,-19.61330,-12.41633,0.0,0,60092
 3.33752,-19.61330,-12.41633,0.0,0,60154
-1.61848, 9.83538,-2.08296,2.0,0,3535
-1.42694, 9.78271,-1.98719,2.0,0,3591
-1.46046, 9.56723,-2.14999,2.0,0,3647
-1.59933, 9.59117,-2.11647,2.0,0,3703
-1.46046, 9.51935,-2.20745,2.0,0,3764
-1.35991, 9.61511,-2.15957,2.0,0,3820
-1.39821, 9.66779,-2.08774,2.0,0,3877
-1.56581, 9.80186,-2.04944,2.0,0,3933
-1.47004, 9.85453,-2.15478,2.0,0,3988
-1.44131, 9.76834,-2.27449,2.0,0,4044
-1.43652, 9.79228,-2.14999,2.0,0,4102
-1.42694, 9.74440,-2.25534,2.0,0,4157
-1.48919, 9.82102,-2.12126,2.0,0,4214
-1.42694, 9.58638,-2.22182,2.0,0,4269
-1.51314, 9.90721,-2.16915,2.0,0,4325
-1.88184, 9.74440,-2.35589,3.0,0,4383
-2.16436, 9.99340,-2.80600,3.0,0,4438
-2.00155, 9.96467,-2.82037,3.0,0,4498
-1.90578, 9.84017,-3.03585,3.0,0,4554
-1.68073, 9.79228,-2.49476,3.0,0,4616
-1.83396, 9.69173,-3.20823,3.0,0,4672
-1.64242, 9.80665,-2.75812,3.0,0,4727
-1.58975,10.08438,-3.47638,3.0,0,4786
-0.83797, 8.96868,-2.11169,3.0,0,4843
-0.22984, 9.34696,-0.86191,3.0,0,4898
 0.91937,11.99016, 4.52025,2.0,0,4957
 0.96726, 8.88728,-0.86670,3.0,0,5013
 2.94008,11.54963,-0.23942,3.0,0,5070
 5.04219,10.63983,-2.14042,2.0,0,5126
 3.63919, 7.86256,-4.81235,3.0,0,5181
 4.07493, 2.62405,-2.80600,3.0,0,5238
 4.58729, 2.94487,-3.13162,5.0,0,5294
 0.72305, 6.04775,-7.05332,3.0,0,5349
-4.95121, 5.66947,-7.84819,3.0,0,5422
-6.04296, 5.52103,-8.76757,3.0,0,5478
-4.55856, 5.43963,-8.57603,3.0,0,5535
-4.69742, 4.31435,-8.41323,3.0,0,5590
-5.19542, 4.76925,-8.80109,3.0,0,5647
-5.05177, 5.01825,-9.12191,3.0,0,5704
-4.48673, 4.55856,-8.35098,3.0,0,5761
-3.39498, 3.15077,-7.75243,3.0,0,5816
-3.77805, 5.37738,-9.00699,3.0,0,5886
-4.04141, 4.98952,-8.26478,3.0,0,5947
-4.30477, 3.82115,-8.87291,3.0,0,6023
-3.46680, 4.26647,-9.48104,3.0,0,6084
-2.55701, 3.85945,-8.03494,3.0,0,6139
-1.72861, 4.97036,-7.68060,3.0,0,6195
-0.10056, 6.34942,-5.65510,3.0,0,6257
 0.22027, 6.22014,-6.30633,3.0,0,6313
-1.42694, 6.96234,-7.94875,3.0,0,6368
-2.08774, 6.98149,-8.41323,3.0,0,6430
-2.13563, 6.60800,-7.26401,3.0,0,6485
-1.69988, 6.12437,-6.57448,3.0,0,6545
-1.78129, 6.85221,-7.58962,3.0,0,6601
-1.58496, 6.19619,-7.08684,3.0,0,6658
-1.69509, 6.67982,-7.69496,3.0,0,6713
-1.81480, 7.14430,-6.99107,3.0,0,6768
-1.97761, 7.80510,-7.97269,3.0,0,6824
-2.19309, 7.01501,-7.20176,3.0,0,6880
-2.25055, 6.90488,-7.33105,3.0,0,6935
-2.44687, 6.91924,-7.11078,3.0,0,6990
-2.36547, 6.78038,-7.03416,3.0,0,7045
-1.90100, 6.70376,-6.41167,3.0,0,7106
-1.28329, 6.98149,-6.59842,3.0,0,7162
-0.91459, 6.90967,-6.93840,3.0,0,7217
-0.50757, 5.60722,-6.86657,3.0,0,7280
-0.93853, 7.31189,-8.70053,3.0,0,7338
-1.48919, 7.24007,-5.82270,3.0,0,7393
-2.72460, 7.58962,-5.55455,3.0,0,7451
-4.41970, 9.19852,-2.88741,3.0,0,7515
-4.87938,10.52491,-0.75178,3.0,0,7571
-5.77481,10.74997, 1.36948,3.0,0,7626
-8.43717,10.40520,-0.25379,3.0,0,7686
-8.64786, 8.17380,-0.63207,3.0,0,7742
-9.05966, 9.93115,-1.49877,3.0,0,7798
-9.19852, 8.66701, 1.01514,3.0,0,7853
-8.74362, 6.90967, 1.92973,2.0,0,7908
-9.28471, 5.29119, 1.95846,6.0,0,7964
-8.89207, 5.59764, 0.75178,6.0,0,8019
-7.88171, 4.50110, 1.42216,6.0,0,8084
-7.40766, 4.52025, 0.77572,6.0,0,8139
-7.15387, 3.14119, 0.97205,6.0,0,8201
-7.87692, 3.85945, 0.76136,6.0,0,8260
-8.59518, 4.94163, 0.09577,6.0,0,8316
-8.56645, 4.68785, 0.20590,6.0,0,8372
-8.90164, 4.39097, 0.17717,6.0,0,8427
-8.66222, 5.25767,-1.10612,6.0,0,8482
-8.85855, 6.14352,-1.96803,6.0,0,8543
-8.54251, 5.20499,-2.61926,7.0,0,8598
-8.12113, 4.68785,-3.10767,7.0,0,8656
-7.07247, 3.67271,-2.16436,7.0,0,8712
-7.57047, 3.23696,-1.69988,7.0,0,8771
-7.59441, 2.67672,-1.24498,7.0,0,8826
-10.08438, 2.49955,-0.65601,7.0,0,8882
-8.98304, 3.11246,-1.04866,7.0,0,8938
-6.60800, 2.80600,-0.65601,7.0,0,8995
-6.67503, 2.70066,-0.51236,7.0,0,9050
-6.80911, 2.66235,-1.61369,7.0,0,9106
-6.52181, 2.51391,-1.17316,7.0,0,9169
-8.69095, 1.73340,-1.45089,7.0,0,9224
-9.55765, 1.78129,-1.00078,7.0,0,9281
-14.53759, 3.00233,-1.53708,7.0,0,9338
-11.23359, 4.06535,-2.16915,7.0,0,9398
-10.78348, 2.63841,-2.09253,7.0,0,9454
-11.10431, 1.71904,-1.79565,7.0,0,9509
-10.97023, 4.77404,-5.09007,7.0,0,9565
-12.11466, 0.31603,-4.17070,7.0,0,9620
-10.05565,-1.46525,-2.78685,7.0,0,9679
-10.85531, 2.58095,-3.71101,7.0,0,9736
-9.65342, 1.91057,-3.49075,7.0,0,9796
-10.04128, 1.46046,-3.61046,7.0,0,9852
-8.47547, 0.22984,-2.66714,7.0,0,9908
-10.09874, 1.00078,-2.57137,7.0,0,9965
-9.86411, 1.67594,-1.06303,7.0,0,10027
-11.03727, 1.15401,-1.51792,7.0,0,10082
-4.68785,-1.81002,19.61091,6.0,0,10144
-8.87291, 3.81157,-4.52983,7.0,0,10199
-9.20810, 1.30245,-3.91691,7.0,0,10254
-9.95509,-0.50757,-2.02549,7.0,0,10310
-10.32380,-0.45011,-1.09176,7.0,0,10366
-7.79073, 3.73974,-3.33273,7.0,0,10422
-11.48738, 3.12204,-0.60334,7.0,0,10478
-10.68772, 2.45166,-2.40857,7.0,0,10533
-12.57435, 1.91536,-1.91057,7.0,0,10590
-12.59350, 2.34153,-3.43329,7.0,0,10645
-12.00932, 1.26414,-2.24097,7.0,0,10700
-12.32535, 0.45011,-1.71425,7.0,0,10761
-13.37880, 0.05267,-4.26168,7.0,0,10817
-10.37647, 3.23696,-0.58419,7.0,0,10871
-10.24718, 0.77093,-1.03430,7.0,0,10927
-8.93516, 2.26970,-0.96726,7.0,0,10984
-8.97826, 2.37026,-1.43652,7.0,0,11039
-8.06367, 3.56736,-0.57940,7.0,0,11094
-8.85376, 3.24654,-1.08218,7.0,0,11153
-7.62314, 2.14520, 0.38307,7.0,0,11209
-5.28161, 3.21302,-2.50912,7.0,0,11269
-7.30710, 2.81558,-0.12450,7.0,0,11324
-7.55131, 3.24654,-0.27773,7.0,0,11381
-8.55209, 2.88262,-1.53708,7.0,0,11437
-9.16022, 3.21302,-0.63207,7.0,0,11492
-9.06445, 1.97761,-1.96325,7.0,0,11548
-10.03170, 2.03028,-1.80523,7.0,0,11603
-9.93594, 2.73418,-0.59855,7.0,0,12329
-9.30387, 2.45166,-1.58496,7.0,0,12385
-9.95988, 3.93128,-1.20189,7.0,0,12440
-9.73004, 2.48039,-1.94888,7.0,0,12502
-10.06044, 3.11246,-1.13964,7.0,0,12562
-9.81623, 3.05500,-1.21625,7.0,0,12617
-9.94551, 2.14520,-1.83875,7.0,0,12674
-11.87524, 3.48596,-2.44209,7.0,0,12729
-10.89841, 1.37906,-2.07817,7.0,0,12784
-9.21768, 1.66636,-3.16035,7.0,0,12841
-7.12036, 0.98641,-2.30801,7.0,0,12896
-9.13627,-0.22027,-4.10845,7.0,0,12951
-8.61913, 0.42138,-3.98874,7.0,0,13012
-8.40844, 1.07260,-4.67827,7.0,0,13067
-8.01100, 1.97761,-4.39575,7.0,0,13123
-8.79630, 0.80445,-4.25210,7.0,0,13180
-8.80587, 1.55144,-3.38540,7.0,0,13237
-10.22803, 1.35991,-3.17950,7.0,0,13292
-9.59117, 0.98162,-1.69509,7.0,0,13354
-9.27993, 1.13485,-2.82037,7.0,0,13409
-11.21923, 2.19788,-2.66235,7.0,0,13467
-10.85531, 1.57060,-2.80122,7.0,0,13526
-9.45710, 2.44687,-2.69587,7.0,0,13590
-9.17458, 1.71904,-2.77249,7.0,0,13645
-9.26077, 2.18830,-3.40455,7.0,0,13700
-9.50977, 1.67115,-3.46680,7.0,0,13756
-10.93192, 1.91057,-3.83072,7.0,0,13819
-9.82580, 1.38864,-4.19943,7.0,0,13874
-8.49463, 0.73263,-3.18908,7.0,0,13930
-8.86333, 0.91459,-2.86347,7.0,0,13986
-9.64863,-0.00958,-4.74531,7.0,0,14041
-8.51857, 0.94332,-4.26168,7.0,0,14100
-8.80587, 0.36392,-3.39977,7.0,0,14157
-9.33739, 0.77093,-3.73974,7.0,0,14213
-9.48583, 0.86191,-3.37104,7.0,0,14273
-9.22725, 1.00556,-3.53863,7.0,0,14329
-10.26634, 1.44131,-3.26090,7.0,0,14384
-10.29507, 1.33118,-3.05500,7.0,0,14444
-9.62469, 0.68474,-3.09331,7.0,0,14499
-9.31823, 1.33118,-3.58173,7.0,0,14555
-9.72525, 1.36469,-2.81079,7.0,0,14617
-9.37091, 1.38385,-2.90656,7.0,0,14673
-9.53850, 1.45567,-3.22260,7.0,0,14732
-9.48104, 1.58496,-3.45244,7.0,0,14790
-9.43794, 1.84354,-3.37104,7.0,0,14845
-9.44273, 0.97683,-3.28006,7.0,0,14901
-9.51456, 1.02951,-3.49075,7.0,0,14957
-9.34218, 1.41737,-3.18908,7.0,0,15012
-9.08360, 1.36948,-3.02627,7.0,0,15069
-9.35654, 1.17316,-3.30400,7.0,0,15124
-9.38527, 1.37427,-3.48596,7.0,0,15180
-9.39485, 1.07739,-3.42371,7.0,0,15237
-9.44273, 1.35991,-3.50990,7.0,0,15292
-9.57681, 1.12049,-3.41413,7.0,0,15352
-9.50019, 1.61369,-3.23217,7.0,0,15407
-9.24641, 1.09654,-3.28484,7.0,0,15465
-9.42358, 1.21625,-3.40455,7.0,0,15520
-9.52892, 1.29766,-3.39019,7.0,0,15577
-9.48104, 1.25456,-3.47159,7.0,0,15637
-9.46667, 1.29287,-3.56257,7.0,0,15693
-9.46667, 1.30723,-3.29442,7.0,0,15749
-9.40442, 1.66158,-3.17950,7.0,0,15804
-9.54808, 1.61369,-3.44286,7.0,0,15864
-9.48583, 1.20668,-3.27048,7.0,0,15920
-9.19852, 1.68073,-2.95923,7.0,0,15980
-9.49540, 1.12049,-3.25611,7.0,0,16035
-9.59596, 1.30245,-3.36146,7.0,0,16093
-9.64863, 1.46525,-3.24175,7.0,0,16150
-9.32302, 1.74298,-3.17471,7.0,0,16210
-9.57681, 1.22104,-3.39019,7.0,0,17042
-9.35654, 1.45089,-2.94966,7.0,0,17098
-9.27993, 1.27850,-3.37582,7.0,0,17155
-9.56244, 1.19710,-3.67271,7.0,0,17211
-9.62469, 1.57538,-3.32315,7.0,0,17270
-9.52413, 1.42694,-3.35667,7.0,0,17326
-9.45231, 1.61848,-3.26090,7.0,0,17385
-9.38527, 1.36469,-3.32794,7.0,0,17441
-9.52892, 1.45089,-3.55300,7.0,0,17497
-9.46667, 1.85311,-3.21302,7.0,0,17552
-9.46189, 1.46525,-3.16513,7.0,0,17609
-9.57202, 0.95289,-3.51948,7.0,0,17667
-9.53850, 1.28808,-3.34709,7.0,0,17722
-9.40442, 1.08697,-2.80122,7.0,0,17778
-9.68694, 1.25456,-3.34231,7.0,0,17835
-9.57681, 0.54109,-3.50511,7.0,0,17900
-9.46189, 1.13485,-3.07894,7.0,0,17955
-9.60075, 1.94409,-2.82995,7.0,0,18019
-9.40442, 0.84755,-3.73017,7.0,0,18076
-9.41879, 1.36948,-3.44765,7.0,0,18137
-9.39485, 1.74777,-3.03106,7.0,0,18193
-9.85932, 0.57461,-3.75890,7.0,0,18248
-9.77792, 0.73263,-3.36625,7.0,0,18315
-9.33260, 2.09253,-3.07416,7.0,0,18372
-9.46667, 1.45567,-3.67271,7.0,0,18427
-9.47625, 1.55623,-2.93529,7.0,0,18484
-9.56723, 1.68073,-3.11246,7.0,0,18541
-9.46189, 1.75256,-3.28484,7.0,0,18597
-9.31823, 1.69031,-3.39498,7.0,0,18653
-9.26077, 1.61369,-3.03106,7.0,0,18710
-9.60554, 1.47483,-3.15077,7.0,0,18766
-9.38048, 2.03507,-3.21781,7.0,0,18822
-9.46667, 0.71347,-3.81157,7.0,0,18880
-9.43794, 1.70946,-3.23696,7.0,0,18937
-9.41879, 1.32639,-3.34709,7.0,0,18992
-9.60075, 1.28329,-3.46202,7.0,0,19053
-9.50019, 1.25456,-3.32315,7.0,0,19109
-9.43316, 1.73819,-3.16035,7.0,0,19164
-9.34696, 1.94409,-2.94966,7.0,0,19259
-9.33739, 1.66636,-3.02627,7.0,0,19358
-9.36133, 1.64242,-3.16513,7.0,0,19413
-9.59117, 1.39821,-3.62003,7.0,0,19490
-9.37569, 1.23541,-3.52905,7.0,0,19552
-9.46667, 1.59933,-3.28484,7.0,0,19608
-9.67257, 1.26414,-3.49075,7.0,0,19683
-9.40921, 2.01113,-3.19865,7.0,0,19740
-9.39006, 1.95846,-2.90177,7.0,0,19796
-9.24162, 1.58975,-3.29442,7.0,0,19851
-9.58160, 1.28808,-3.47159,7.0,0,19906
-9.35654, 1.20189,-3.30879,7.0,0,19962
-9.50977, 1.41737,-4.01747,7.0,0,20017
-9.44752, 1.11570,-3.60567,7.0,0,20087
-9.45710, 1.45567,-2.94966,7.0,0,20144
-9.50498, 1.38385,-3.23696,7.0,0,20200
-9.50019, 1.35033,-3.46202,7.0,0,20255
-9.27514, 1.15401,-3.08852,7.0,0,20310
-9.46189, 1.83396,-3.19865,7.0,0,20371
-9.42358, 1.47483,-3.47638,7.0,0,20426
-9.30387, 1.46525,-3.08852,7.0,0,20485
-9.50498, 1.73819,-3.20344,7.0,0,20540
-9.36133, 1.58017,-3.12204,7.0,0,20599
-9.38048, 1.14922,-3.43807,7.0,0,20655
-9.46667, 2.05422,-3.05021,7.0,0,20714
-9.58638, 1.65200,-3.60567,7.0,0,20769
-9.47146, 1.21147,-3.37582,7.0,0,20826
-9.33260, 1.88663,-3.27048,7.0,0,20883
-9.51935, 1.57060,-3.22260,7.0,0,20938
-9.48104, 0.90501,-3.56257,7.0,0,20996
-9.40442, 1.08218,-3.70622,7.0,0,21052
-9.40442, 1.60890,-3.16992,7.0,0,21110
-9.37569, 1.83396,-3.27527,7.0,0,21167
-9.51456, 1.00556,-3.68707,7.0,0,21223
-9.37569, 1.83396,-3.26090,7.0,0,21278
-9.55765, 1.58975,-3.44286,7.0,0,21335
-9.45710, 1.18274,-3.41892,7.0,0,21394
-9.47146, 1.90100,-3.07894,7.0,0,21450
-9.37569, 1.93930,-3.19387,7.0,0,21510
-9.49062, 1.42694,-3.68707,7.0,0,21565
-9.49062, 1.28808,-3.25611,7.0,0,21623
-9.48583, 1.20189,-3.31358,7.0,0,21681
-9.54808, 1.32639,-3.25611,7.0,0,21736
-9.43794, 1.81959,-2.72939,7.0,0,21791
-9.33739, 2.39899,-3.95043,7.0,0,21853
-9.39485, 0.96247,-3.70622,7.0,0,21908
-9.66779, 1.04387,-5.16190,7.0,0,21964
-9.80186, 1.21625,-4.21380,7.0,0,22022
-9.17458, 1.39821,-3.93128,7.0,0,22077
-9.32781, 1.05824,-6.16268,7.0,0,22134
-9.15543, 1.47962,-4.06057,7.0,0,22191
-9.10275, 2.47560,-6.89051,7.0,0,22247
-9.93115, 0.57940,-7.25443,7.0,0,22302
-9.43316, 0.42617,-4.63039,7.0,0,22357
-8.33661,-0.98162,-7.16824,7.0,0,22418
-9.79228, 1.61369,-9.80186,7.0,0,22473
-9.05008, 0.87628,-8.32703,7.0,0,22533
-7.72848, 1.13006,-8.29830,7.0,0,22599
-6.49307, 0.51715,-8.59040,7.0,0,22655
-5.69341, 0.44532,-9.04051,7.0,0,22714
-5.24330,-0.07183,-9.63427,7.0,0,22772
-3.65834, 1.72861,-10.17057,7.0,0,22828
-3.20344, 0.90022,-9.63427,7.0,0,22883
-1.93930,-0.84276,-8.33182,7.0,0,22958
 0.37350, 0.06225,-8.50420,7.0,0,23013
 0.74699, 0.41180,-6.56969,7.0,0,23070
 0.38786, 0.29209,-7.97269,7.0,0,23126
 3.30400, 2.12605,-0.63207,7.0,0,23183
 2.69587,-2.03028,-1.19710,7.0,0,23238
 4.76446,-1.13964,-2.71981,5.0,0,23294
 2.95923,-0.79487,-5.91847,5.0,0,23354
 0.75657,-0.19154,-5.18105,5.0,0,23409
 0.45969, 0.22505,-5.77481,5.0,0,23466
 0.29209,-0.12929,-6.94318,5.0,0,23521
-1.73819, 1.90100,-7.47470,5.0,0,23576
-3.61524,-0.08619,-9.46189,5.0,0,23633
-4.46279, 0.97205,-7.29753,7.0,0,23689
-2.98318, 3.76368,-11.66455,3.0,0,23748
-6.73728, 3.17950,-9.16500,7.0,0,23804
-6.65109, 3.56736,-9.39485,7.0,0,23863
-10.18015, 4.33829,-8.20732,7.0,0,23918
-8.38928, 1.27372,-8.16423,7.0,0,23977
-8.51857, 4.10845,-6.52659,7.0,0,24033
-9.49062, 4.58250,-7.58483,7.0,0,24088
-10.00776, 4.17549,-8.03973,7.0,0,24147
-10.10353, 3.28963,-5.46836,7.0,0,24203
-9.38048, 2.91135,-3.92649,7.0,0,24263
-9.35175, 2.51391,-5.10923,7.0,0,24318
-9.42358, 2.70545,-5.23851,7.0,0,24376
-9.72046, 3.18429,-3.49553,7.0,0,24431
-8.94953, 3.54342,-3.37104,7.0,0,24492
-8.91122, 3.04064,-3.65355,7.0,0,24547
-9.51935, 2.21703,-3.30400,7.0,0,24608
-9.51456, 2.06859,-3.04064,7.0,0,25230
-9.71567, 1.83396,-3.24654,7.0,0,25288
-9.38048, 1.68073,-3.06937,7.0,0,25350
-9.57202, 1.85311,-2.89220,7.0,0,25407
-9.50498, 2.16436,-3.36146,7.0,0,25463
-9.40442, 2.37505,-3.02627,7.0,0,25518
-9.27993, 1.94888,-2.80122,7.0,0,25577
-9.66300, 2.10211,-3.12683,7.0,0,25636
-9.51935, 2.60968,-2.43251,7.0,0,25695
-9.55287, 1.94888,-2.90177,7.0,0,25751
-9.35654, 2.19309,-2.94008,7.0,0,25810
-9.17937, 2.61926,-2.71981,7.0,0,25866
-9.64384, 1.18752,-2.80122,7.0,0,25924
-9.71088, 1.83396,-2.87304,7.0,0,25981
-9.59117, 1.68073,-3.04064,7.0,0,26040
-9.33739, 2.49476,-2.99275,7.0,0,26096
-9.51935, 1.78129,-3.31358,7.0,0,26152
-9.56244, 1.73340,-2.95444,7.0,0,26208
-9.40442, 2.35589,-2.63841,7.0,0,26271
-9.46189, 1.90578,-3.02148,7.0,0,26327
-9.66300, 1.65679,-3.40934,7.0,0,26384
-9.54329, 1.80523,-3.16992,7.0,0,26439
-9.60075, 2.36068,-2.72939,7.0,0,26494
-9.60075, 2.14999,-2.97839,7.0,0,26550
-9.35175, 2.21703,-2.67193,7.0,0,26605
-9.39006, 2.13563,-2.78685,7.0,0,26661
-9.61990, 1.71904,-2.98796,7.0,0,26719
-9.59596, 2.12126,-3.14598,7.0,0,26775
-9.66300, 2.00634,-3.30400,7.0,0,26849
-9.41400, 2.03507,-2.83952,7.0,0,26906
-9.48104, 2.43730,-2.71981,7.0,0,26962
-9.76834, 0.75657,-3.44286,7.0,0,27017
-9.36612, 2.06380,-2.79164,7.0,0,27072
-9.50498, 2.29365,-2.82995,7.0,0,27129
-9.44273, 2.18830,-2.99275,7.0,0,27190
-9.45710, 2.22661,-2.75333,7.0,0,27246
-9.25598, 2.36547,-2.46124,7.0,0,27308
-9.73004, 2.29365,-3.09810,7.0,0,27364
-9.50977, 2.23140,-2.26491,7.0,0,27420
-9.61990, 2.40378,-2.98318,7.0,0,27475
-9.38048, 2.35589,-2.56180,7.0,0,27542
-9.43316, 2.25534,-2.66714,7.0,0,27599
-9.62948, 1.69509,-2.83952,7.0,0,27655
-9.48583, 2.33195,-2.64320,7.0,0,27712
-9.47146, 2.58095,-2.71502,7.0,0,27769
-9.90721, 2.65756,-3.06458,7.0,0,27824
-9.59117, 2.32238,-2.92093,7.0,0,27884
-9.80665, 2.28886,-2.71024,7.0,0,27939
-9.75398, 2.06380,-3.09810,7.0,0,27996
-9.42837, 2.02549,-3.10767,7.0,0,28052
-9.45231, 2.61926,-3.53384,7.0,0,28108
-9.08360, 1.62327,-3.80678,7.0,0,28166
-8.80109, 1.86748,-3.66313,7.0,0,28232
-8.82982, 2.11647,-3.72538,7.0,0,28289
-8.89207, 2.13563,-3.95522,7.0,0,28344
-9.28950, 1.33596,-3.74932,7.0,0,28399
-9.10754, 1.71425,-2.73897,7.0,0,28460
-9.04529, 2.52349,-2.85389,7.0,0,28521
-9.38048, 2.02071,-3.44286,7.0,0,28579
-8.46111, 2.21703,-2.97839,7.0,0,28635
-8.13550, 2.82037,-2.71981,7.0,0,28691
-8.39886, 1.36469,-2.92093,7.0,0,28745
-8.27915, 2.53307,-2.03507,7.0,0,28805
-7.87692, 1.35033,-1.89142,7.0,0,28861
-7.67581, 1.61848,-1.71904,7.0,0,28920
-8.56167, 2.05422,-1.64721,7.0,0,28976
-8.73405, 2.69587,-0.64643,7.0,0,29032
-8.88249, 1.89621,-1.48441,7.0,0,29088
-9.96467, 1.76692,-0.63686,7.0,0,29146
-9.51456, 2.58095,-1.52271,7.0,0,29202
-8.66222, 2.93050, 0.26815,7.0,0,29257
-9.41879, 1.85311,-0.17717,7.0,0,29314
-9.63906, 0.54588,-2.67672,7.0,0,29369
-10.17536, 2.51391, 0.45969,7.0,0,29424
-10.86489, 3.21781,-0.67038,7.0,0,29484
-11.35809, 2.06859,-0.03831,7.0,0,29539
-10.49618, 2.61926,-2.96881,7.0,0,29595
-10.72602, 2.38941, 0.61770,7.0,0,29650
-10.20409, 3.44286,-1.44610,7.0,0,29705
-10.69250, 2.14999,-2.10211,7.0,0,29765
-10.79306, 2.77727,-2.74376,7.0,0,29837
-10.75954, 2.99275,-1.55144,7.0,0,29893
-9.95509, 3.96001, 0.34955,7.0,0,29949
-9.52413, 3.02627,-1.27850,7.0,0,30020
-9.62948, 2.39420,-1.58496,7.0,0,30077
-10.32380, 2.29843,-1.09654,7.0,0,30136
-9.95030, 2.44209,-2.11169,7.0,0,30192
-9.85453, 2.95444,-0.89064,7.0,0,30249
-8.79151, 1.57060,-2.62405,7.0,0,30305
-9.97424, 2.43730,-2.15957,7.0,0,30360
-9.64384, 1.61848,-2.14520,7.0,0,30417
-10.93192, 2.64799,-1.45567,7.0,0,30472
-12.83771, 2.53307,-0.55545,7.0,0,30529
-9.92636, 1.99676,-2.84910,7.0,0,30592
-9.70131, 2.85868,-2.51391,7.0,0,30647
-10.07001, 2.82037,-2.53307,7.0,0,30704
-10.01255, 2.60968,-2.43730,7.0,0,30761
-10.53928, 2.71024,-2.94008,7.0,0,30821
-10.41478, 1.09654,-1.58496,7.0,0,30876
-9.16022, 2.91135,-2.80122,7.0,0,30932
-10.21366, 2.52828,-2.32716,7.0,0,30994
-7.67102, 4.53462,-2.31280,7.0,0,31050
-10.32380, 3.64876,-2.83473,7.0,0,31110
-10.64462, 3.96001,-4.46758,7.0,0,31166
-9.83538, 3.46680,-5.09007,7.0,0,31226
-9.91199, 4.81713,-6.85699,7.0,0,31290
-10.06044, 4.36224,-5.31513,7.0,0,31350
-9.73961, 5.44920,-6.03818,7.0,0,31408
-7.31668, 6.47392,-5.42526,7.0,0,31465
-4.89854, 5.00867,-4.14197,7.0,0,31521
-2.20267, 4.00789,-4.78840,3.0,0,31577
-0.61770, 4.09408,-5.95677,3.0,0,31634
 1.21625, 3.27048,-4.85065,3.0,0,31689
 2.19309, 2.16915,-6.56011,3.0,0,31748
 1.49398, 2.25055,-7.08684,3.0,0,31803
 2.21224, 2.88262,-6.56969,3.0,0,31861
 1.62806, 5.41090,-6.56011,3.0,0,31917
 0.49321, 7.21612,-7.47949,3.0,0,31972
 0.35913, 7.53216,-6.15310,3.0,0,32031
-0.04788, 8.37492,-6.71813,3.0,0,32086
-0.87149, 9.04529,-5.67905,3.0,0,32146
-0.56503,11.72201,-6.64630,3.0,0,32202
 0.41659, 8.97826,-6.33985,3.0,0,32267
-2.15478, 9.10275,-5.63595,3.0,0,32329
-1.58975, 9.24641,-5.49230,3.0,0,32386
-1.17316, 8.79151,-4.78840,3.0,0,32446
-1.41737, 9.17937,-4.40054,3.0,0,32501
-0.66080, 8.40365,-3.59609,3.0,0,32558
-1.91057, 9.26556,-3.49553,3.0,0,32613
-0.40223, 8.06367,-4.27126,3.0,0,32671
-1.10133, 9.18895,-3.54342,3.0,0,32726
-1.06303, 9.53850,-4.20901,3.0,0,32785
-0.79966, 9.28471,-3.63919,3.0,0,32840
-0.68953,10.35732,-2.35111,3.0,0,32897
-1.39821, 9.70609,-1.82438,3.0,0,32953
-0.93374, 9.66300,-2.52349,3.0,0,33009
-1.27850, 8.91601,-2.42772,3.0,0,33068
-0.55067,10.22324,-2.59053,3.0,0,33123
-1.25456,10.05565,-2.57137,3.0,0,33187
-1.36469, 9.64863,-1.90578,3.0,0,33250
-0.67038, 9.82102,-2.26491,3.0,0,33307
-0.96247, 9.61990,-1.96325,3.0,0,33362
-0.76136, 9.58638,-2.60489,3.0,0,33418
-0.97205, 9.84017,-2.44209,3.0,0,33477
-0.76614, 9.42837,-2.59531,3.0,0,33533
-0.79487, 9.61033,-2.58574,3.0,0,33601
-0.83318, 9.57202,-2.96402,3.0,0,33661
-0.81403, 9.96467,-2.71502,3.0,0,33718
-1.00078, 9.59596,-3.14598,3.0,0,33773
-0.69432, 9.81144,-2.69108,3.0,0,33829
-0.96726, 9.69173,-2.83952,3.0,0,33886
-0.45490, 9.64863,-2.93529,3.0,0,33946
-0.88107, 9.61990,-3.13640,3.0,0,34004
-0.82839, 9.85932,-2.88741,3.0,0,34070
-0.93374, 9.59117,-3.08373,3.0,0,34126
-0.79009, 9.65821,-3.03585,3.0,0,34181
-0.66559, 9.57202,-3.14598,3.0,0,34239
-0.84276, 9.62948,-2.81558,3.0,0,34297
-0.78051, 9.42358,-2.98318,3.0,0,34352
-0.46448, 9.72525,-3.07894,3.0,0,34413
-0.67038, 9.61033,-2.90656,3.0,0,34467
-0.53630, 9.52413,-3.08373,3.0,0,34522
-0.53151, 9.53850,-2.97839,3.0,0,34582
-0.49321, 9.61990,-3.02148,3.0,0,34638
-1.11091, 9.62469,-2.70545,3.0,0,34693
-0.75178, 9.42837,-2.76770,3.0,0,34749
-0.73741, 9.58160,-2.96881,3.0,0,34809
-0.50278, 9.71088,-3.11725,3.0,0,34864
-0.79487, 9.60075,-2.97360,3.0,0,34936
-0.63686, 9.50498,-2.87304,3.0,0,34992
-0.77572, 9.71088,-2.84431,3.0,0,35048
-0.66080, 9.66300,-3.04064,3.0,0,35103
 0.50278, 9.75398,-4.39575,3.0,0,35159
-0.56024, 8.88728,-3.47638,3.0,0,35218
-1.12527, 9.44273,-3.31358,3.0,0,35274
-0.86670, 9.66300,-2.83952,3.0,0,35336
-0.89064, 9.04051,-3.57215,3.0,0,35401
-0.55067, 9.71088,-3.48596,3.0,0,35457
-0.08140, 8.56167,-3.48596,3.0,0,35513
-0.41659, 9.38527,-3.54342,3.0,0,35578
-0.20590, 9.45231,-3.80678,3.0,0,35634
-0.39265, 9.01178,-4.31435,3.0,0,35689
-0.00479, 8.62870,-4.93684,3.0,0,35745
 1.42216, 8.19296,-5.86579,3.0,0,35857
 0.08140, 8.66701,-5.17148,3.0,0,35915
 0.39744, 7.75721,-5.22894,3.0,0,35971
-0.01437, 8.82024,-5.09486,3.0,0,36027
 0.08619, 9.37091,-4.88417,3.0,0,36085
-0.32561, 9.16979,-4.17070,3.0,0,36142
-0.54109, 9.08839,-4.37181,3.0,0,36197
-0.74699, 8.77236,-4.05578,3.0,0,36254
 0.12929, 8.98304,-4.53941,3.0,0,36311
 1.06303, 9.90721,-4.47237,3.0,0,36367
-0.53151, 9.09797,-4.41012,3.0,0,36429
-0.37828, 9.16500,-4.00311,3.0,0,36484
-0.94332, 9.48104,-3.83072,3.0,0,36540
 0.20590, 9.52413,-3.81157,3.0,0,36597
-0.05746, 8.96389,-3.37582,3.0,0,36654
 0.32082, 9.57681,-3.01669,3.0,0,36712
 0.27294, 9.49540,-2.75812,3.0,0,36767
 0.41180, 9.93594,-2.42293,3.0,0,36823
 0.43574, 9.50019,-2.39420,3.0,0,36880
 0.49321, 9.42837,-2.23140,3.0,0,36938
 0.55067, 9.47625,-2.02071,3.0,0,36995
 0.35913,10.12268,-1.88184,3.0,0,37050
 0.23942, 9.28471,-1.19710,3.0,0,37105
 0.80924,10.17057,-1.07260,3.0,0,37164
-0.07661,10.54406,-0.70390,3.0,0,37220
 0.48363, 9.64384,-0.39265,3.0,0,37281
 0.38786, 9.70609, 0.50757,3.0,0,37343
 0.60813,10.80264, 0.21548,3.0,0,37398
 0.04310, 9.33739, 0.02873,3.0,0,37455
 0.13408,10.12268, 0.34955,3.0,0,37510
 0.27294,10.17057, 0.17717,3.0,0,37566
 0.13886, 9.80186, 0.51236,2.0,0,37621
 0.23463,10.05086, 0.26815,2.0,0,37677
 0.10534,10.18972, 0.44053,2.0,0,37736
 1.63763, 9.73961,-0.77572,2.0,0,37794
-0.22027, 9.42358, 0.20111,2.0,0,37856
 0.46926,10.48182,-0.14365,2.0,0,37912
 0.31603,10.04607,-0.11492,2.0,0,37968
 0.40223,10.56322, 0.02394,2.0,0,38023
 0.16759, 8.82503,-0.41180,2.0,0,38078
 0.17238,10.70687,-0.73741,2.0,0,38134
-0.65122,10.66377,-1.28329,2.0,0,38190
-0.67995,10.26155,-2.09732,2.0,0,38247
-1.69988, 7.21612,-2.76770,3.0,0,38312
-0.76136, 9.66779,-3.06937,3.0,0,38369
-0.26336, 9.61990,-3.29442,3.0,0,38429
-0.80445, 9.96946,-2.36068,3.0,0,38490
-0.47405, 9.68694,-2.41814,3.0,0,38551
 0.41180, 9.77313,-2.50433,3.0,0,38618
-1.03430, 9.52892,-2.88262,3.0,0,38693
-0.37350, 9.58160,-2.90656,3.0,0,38751
 0.16759, 9.74919,-2.06859,3.0,0,38806
-1.43173, 9.95988,-2.63841,3.0,0,38932
-0.99599, 9.59596,-2.77249,3.0,0,38995
 0.04310, 9.73004,-3.23217,3.0,0,39051
-0.15323, 9.67736,-2.86347,3.0,0,39109
-0.23463, 9.27035,-3.03585,3.0,0,39165
-0.24421, 9.51935,-2.94008,3.0,0,39225
-0.18675, 9.48104,-2.81558,3.0,0,39281
 0.03831, 9.43794,-2.54264,3.0,0,39343
 0.11971, 9.42837,-3.41892,3.0,0,39405
-0.55545, 9.48583,-3.43329,3.0,0,39514
 0.06704, 9.75398,-3.11246,3.0,0,39574
-0.33519, 9.53371,-2.94487,3.0,0,39633
 0.23463, 9.50498,-3.21781,3.0,0,39698
-0.16281, 8.64786,-2.47082,3.0,0,39753
-0.29688, 9.67736,-2.56658,3.0,0,39810
-0.40223,10.37647,-2.39420,3.0,0,39866
-0.54588, 9.16979,-2.69108,3.0,0,39927
 0.21548,10.08438,-2.62405,3.0,0,39984
 0.05267, 8.99262,-2.70545,3.0,0,40044
-0.34955, 9.71567,-2.71502,3.0,0,40099
 0.13408, 9.59596,-3.62003,3.0,0,40161
-0.13886, 9.42358,-3.64398,3.0,0,40287
-0.01437, 9.38048,-3.65355,3.0,0,40342
 0.19632, 9.63427,-3.48596,3.0,0,40399
 0.00479, 9.60075,-3.70622,3.0,0,40460
-0.11492, 9.08839,-3.16992,3.0,0,40527
 0.04788, 9.53850,-3.53863,3.0,0,40590
-0.46448, 9.54808,-3.34709,3.0,0,40646
-0.03352, 9.44273,-3.45244,3.0,0,40701
-0.36392, 9.44752,-3.33752,3.0,0,40760
-0.23463, 9.23204,-3.54821,3.0,0,40817
-0.19632, 9.45710,-3.40934,3.0,0,40876
 0.00958, 9.49540,-3.28006,3.0,0,40933
-0.52672, 9.70131,-3.42850,3.0,0,40988
-0.14844, 9.33260,-3.30400,3.0,0,41044
-0.16281, 9.70609,-3.32315,3.0,0,41099
 0.25857, 9.37569,-3.59130,3.0,0,41158
 0.54588, 9.85453,-3.44286,3.0,0,41213
-0.29688, 9.29908,-3.36625,3.0,0,41274
-0.11492, 9.68694,-3.26569,3.0,0,41332
 0.00000, 9.47625,-3.46680,3.0,0,41387
-0.20590, 9.45231,-3.30879,3.0,0,41445
 0.14844, 9.43794,-3.41892,3.0,0,41500
-0.03352, 9.36133,-3.46202,3.0,0,41556
-0.21548, 9.47146,-4.10366,3.0,0,41611
-0.34477, 9.41400,-4.49631,3.0,0,41669
-0.17717, 9.14106,-4.47716,3.0,0,41725
 0.46448, 9.06445,-4.56814,3.0,0,41784
-0.40701, 9.02135,-4.05099,3.0,0,41840
 0.39744, 9.07402,-3.87382,3.0,0,41898
 1.71904,10.28549,-3.71580,3.0,0,41956
 0.29209, 9.54808,-3.37582,3.0,0,42012
-0.02873, 9.33739,-3.48117,3.0,0,42067
 0.17238, 9.22246,-3.48117,3.0,0,42123
 0.19154, 9.23683,-3.55778,3.0,0,42183
 0.26336, 9.24641,-3.37104,3.0,0,42238
 0.30646, 9.49062,-3.08373,3.0,0,42300
 0.39265, 9.16500,-3.05979,3.0,0,42364
 0.28252, 9.48104,-3.14598,3.0,0,42421
 0.77093, 9.78750,-2.95444,3.0,0,42476
 0.28730, 9.49062,-2.84910,3.0,0,42532
 0.54588, 9.81623,-2.54264,3.0,0,42591
 0.58897, 9.73482,-2.50912,3.0,0,42647
 0.75657, 9.70131,-2.32238,3.0,0,42704
 0.67995, 9.74440,-2.34153,3.0,0,42759
 0.49799, 9.50019,-2.37026,3.0,0,42822
 0.43574, 9.72046,-2.36068,3.0,0,42879
 0.71826, 9.80186,-2.34153,3.0,0,42935
 0.68953, 9.79707,-2.38462,3.0,0,42990
 0.43096, 9.78750,-2.13084,3.0,0,43052
 0.67038, 9.70609,-2.25055,3.0,0,43107
 0.90980, 9.98382,-2.14520,3.0,0,43163
 0.18196, 9.80665,-2.14999,3.0,0,43220
 0.62728, 9.69652,-2.25055,3.0,0,43276
 0.78051, 9.99819,-2.14520,3.0,0,43331
 1.24498, 9.65342,-2.29365,3.0,0,43386
 0.47884, 9.58638,-2.04944,3.0,0,43443
 0.64643, 9.79707,-2.04465,3.0,0,43499
 0.55545, 9.76834,-2.05422,3.0,0,43556
 0.59855, 9.83538,-2.02071,3.0,0,43615
 0.82839,10.05086,-2.02071,3.0,0,43671
 0.37350, 9.65342,-1.82917,3.0,0,43733
 0.42617, 9.82580,-1.97761,3.0,0,43802
 0.28252, 9.56723,-1.83875,3.0,0,43862
 0.75178,10.01255,-2.03028,3.0,0,43922
 1.10133, 9.89284,-1.95367,3.0,0,43978
 0.53151, 9.85932,-1.84354,3.0,0,44036
 0.47405, 9.65821,-2.03507,3.0,0,44091
 0.53151, 9.88326,-1.87705,3.0,0,44150
 0.54588, 9.83059,-1.85790,3.0,0,44205
 0.65122, 9.78750,-2.01592,3.0,0,44261
 0.76136, 9.83059,-1.89621,3.0,0,44318
 0.16759,10.22803,-1.77171,3.0,0,44373
 0.34955, 9.50019,-1.92494,3.0,0,44437
 0.86191,10.09874,-1.68552,3.0,0,44492
 1.59933,10.40041,-2.35589,3.0,0,44549
 0.14844, 9.74440,-2.01592,3.0,0,44604
 0.47884, 9.78750,-2.01113,3.0,0,44662
 0.01437, 9.80665,-1.63763,3.0,0,44725
 0.78530, 9.80186,-1.49877,3.0,0,44780
 0.17238, 9.94073,-2.31280,3.0,0,44836
 0.24900, 9.77313,-1.66636,3.0,0,44892
 1.11091, 9.80186,-2.04944,3.0,0,44948
-0.01437,10.15620,-1.70946,3.0,0,45003
 0.04788, 9.67257,-1.81480,3.0,0,45060
 0.41659, 9.49540,-1.64242,3.0,0,45116
-0.02873,10.07001,-2.03986,3.0,0,45172
 0.72784, 9.80665,-2.11169,3.0,0,45229
 0.26336, 9.80665,-1.74298,3.0,0,45284
-0.00479,10.03649,-1.96325,3.0,0,45342
 0.38786, 9.91678,-1.69031,3.0,0,45398
 0.51715, 9.63427,-2.08774,3.0,0,45460
 0.35913, 9.84496,-1.84354,3.0,0,45515
 0.13886, 9.64863,-1.68552,3.0,0,45576
 0.28730,10.13705,-1.93930,3.0,0,45634
 0.58419, 9.93594,-1.77171,3.0,0,45689
 0.38307, 9.77313,-1.94409,3.0,0,45753
 0.57940, 9.85932,-1.98240,3.0,0,45808
 0.37828, 9.98861,-1.92015,3.0,0,45872
 0.47405, 9.99340,-1.54187,3.0,0,45929
 0.35913, 9.86411,-1.77171,3.0,0,45987
-1.80523,10.48182,-1.33596,3.0,0,46044
 0.60334,11.58794,-2.06859,3.0,0,46099
 0.63207, 9.84496,-1.83875,3.0,0,46161
 0.94332, 9.84496,-1.73340,3.0,0,46217
 0.37828, 9.84017,-2.03507,3.0,0,46277
 0.77093, 9.93115,-1.89621,3.0,0,46333
 0.38307, 9.89284,-1.63285,3.0,0,46394
 0.75657, 9.73961,-1.92494,3.0,0,46450
 0.55067, 9.74919,-1.78607,3.0,0,46507
 0.39265,10.00297,-1.89142,3.0,0,46565
 0.57940, 9.85453,-1.99198,3.0,0,46620
 0.82361, 9.99819,-2.15957,3.0,0,46675
 0.56982, 9.95509,-1.98240,3.0,0,46731
 0.84755, 9.90721,-2.22661,3.0,0,46791
 0.57940, 9.98382,-2.14520,3.0,0,46847
 0.60813, 9.78750,-1.92494,3.0,0,46909
 0.42138,10.16578,-1.95846,3.0,0,46967
 0.27294, 9.73482,-1.61369,3.0,0,47023
 0.11971, 9.78750,-2.03507,3.0,0,47080
 0.19154, 9.84496,-1.69509,3.0,0,47135
 0.00000, 9.73961,-1.94888,3.0,0,47192
 0.37828,10.02692,-1.86269,3.0,0,47248
-0.64643, 9.58160,-1.88663,3.0,0,47303
 0.29209, 9.89284,-1.81480,3.0,0,47359
 0.02394,10.06044,-1.84354,3.0,0,47427
-0.12929, 9.83059,-1.81002,3.0,0,47484
-0.36871, 9.81144,-1.84832,3.0,0,47541
-0.06704, 9.71088,-1.85790,3.0,0,47596
-0.14365,10.02692,-1.82438,3.0,0,47651
-0.29688, 9.82580,-1.85311,3.0,0,47711
-0.00958, 9.91678,-1.99676,3.0,0,47766
 0.20111,10.01734,-1.83396,3.0,0,47831
-0.30646, 9.74919,-1.74298,3.0,0,47905
 0.07661, 9.98382,-2.09253,3.0,0,47964
-0.15323, 9.70131,-1.80044,3.0,0,48020
-0.04310, 9.92157,-1.98240,3.0,0,48075
 0.23942, 9.92636,-2.17394,3.0,0,48144
-0.15802, 9.61511,-1.84832,3.0,0,48201
-0.05267,10.10353,-2.17394,3.0,0,48258
 0.11013, 9.70131,-1.90100,3.0,0,48314
 0.04788, 9.88326,-2.06380,3.0,0,48369
 0.05746, 9.67257,-2.03028,3.0,0,48431
 0.09098,10.06044,-2.00634,3.0,0,48488
-0.17717, 9.52892,-2.16915,3.0,0,48545
 0.09577, 9.99819,-2.06380,3.0,0,48601
 0.03831, 9.70609,-2.13563,3.0,0,48658
 0.02873, 9.71088,-1.88663,3.0,0,48715
 0.02394, 9.83538,-2.11647,3.0,0,48771
-0.01915, 9.68215,-2.08296,3.0,0,48831
-0.10056, 9.67736,-1.84354,3.0,0,48886
 0.11492, 9.86890,-2.15478,3.0,0,48942
 0.00479, 9.71567,-1.86748,3.0,0,48997
-0.33998, 9.87848,-1.97282,3.0,0,49059
-0.08140, 9.80186,-2.07338,3.0,0,49124
 0.10534, 9.91678,-2.08774,3.0,0,49180
-0.04310, 9.84496,-2.17872,3.0,0,49235
 0.87149,10.80264,-1.97282,3.0,0,49291
 0.15323, 9.74919,-2.03986,3.0,0,49349
 0.17717, 9.71088,-1.94409,3.0,0,49405
-0.03831, 9.80186,-2.05901,3.0,0,49471
-1.16358, 9.60554,-2.15957,3.0,0,49543
 0.41180, 9.83059,-2.10211,3.0,0,49598
-0.23942, 9.64863,-1.99676,3.0,0,49656
-0.06704, 9.87848,-2.02071,3.0,0,49712
-0.04788, 9.75398,-1.99676,3.0,0,49771
-0.05267, 9.86890,-2.08296,3.0,0,49827
 0.06225, 9.84017,-2.12126,3.0,0,49885
-0.13886, 9.77792,-2.01592,3.0,0,49941
-0.12450, 9.87369,-2.07817,3.0,0,49997
 0.00958, 9.85453,-2.04465,3.0,0,50053
-0.06704, 9.88326,-2.01592,3.0,0,50108
 0.08619, 9.75398,-2.13084,3.0,0,50171
-0.03831, 9.81144,-2.13563,3.0,0,50228
-0.20111, 9.89284,-2.00634,3.0,0,50291
 0.00000, 9.78750,-2.06859,3.0,0,50349
-0.12929, 9.99340,-2.15478,3.0,0,50404
 0.00479, 9.78750,-2.11647,3.0,0,50461
 0.05267,10.02213,-2.25534,3.0,0,50517
-0.16281, 9.81623,-2.13084,3.0,0,50579
 0.03831, 9.86890,-2.20745,3.0,0,50635
-0.00958, 9.79707,-2.20267,3.0,0,50690
-0.17238, 9.76355,-2.27928,3.0,0,50746
-0.14365, 9.90721,-2.03507,3.0,0,50803
 0.15802, 9.75877,-2.35111,3.0,0,50860
-0.13408,10.00297,-2.10690,3.0,0,50917
-0.19632, 9.83538,-2.32716,3.0,0,50973
 0.29209, 9.73961,-2.17872,3.0,0,51029
-1.73819, 8.99741,-2.04944,3.0,0,51091
-0.45011, 9.63906,-2.46124,3.0,0,51147
-0.41659, 9.51456,-2.54264,3.0,0,51214
-0.35913, 9.84017,-2.37984,3.0,0,51277
-0.00958, 9.92157,-2.15478,3.0,0,51333
 0.01437, 9.63906,-2.30801,3.0,0,51397
-0.22984, 9.93115,-2.22182,3.0,0,51453
 0.11013, 9.94551,-2.27928,3.0,0,51575
-0.05267, 9.75398,-2.54743,3.0,0,51631
-0.31125, 9.72525,-2.26970,3.0,0,51688
 0.06225, 9.86890,-2.38462,3.0,0,51744
-0.02873, 9.65821,-2.48518,3.0,0,51799
-0.02394, 9.63906,-2.68151,3.0,0,51857
-0.43574, 9.90242,-2.74376,3.0,0,51914
-0.17717, 9.51456,-2.60489,3.0,0,51970
-0.78530, 9.59596,-2.78206,3.0,0,52036
-0.48842, 9.62948,-3.39977,3.0,0,52092
-0.51715, 9.50977,-3.09810,3.0,0,52150
-1.55623, 9.27035,-3.35188,3.0,0,52208
-0.50757, 9.56244,-3.19865,3.0,0,52266
-0.33519, 9.39964,-2.83952,3.0,0,52322
-0.59855, 9.51935,-2.85868,3.0,0,52379
-0.51236, 9.59596,-3.23217,3.0,0,52436
-0.38786, 9.53850,-3.11246,3.0,0,52491
-0.46448, 9.68694,-3.08852,3.0,0,52547
-0.38307, 9.73482,-3.15556,3.0,0,52603
-0.38307, 9.34218,-3.13162,3.0,0,52660
-0.03831, 9.61033,-3.17950,3.0,0,52753
-0.49321, 9.23683,-3.28963,3.0,0,52811
-0.48363, 9.85453,-2.93050,3.0,0,52869
-0.55545, 9.58160,-3.16035,3.0,0,52924
-0.09577, 9.61990,-3.23696,3.0,0,52980
-0.11013, 9.53850,-3.28963,3.0,0,53036
-0.22984, 9.74919,-3.54342,3.0,0,53091
-0.33040, 9.57681,-2.75812,3.0,0,53148
-0.22505, 9.42358,-3.28484,3.0,0,53203
-0.21069, 9.83059,-3.28963,3.0,0,53259
-0.78051, 9.87848,-3.05979,3.0,0,53317
-0.42138, 9.60554,-3.15077,3.0,0,53373
 0.82839, 9.43316,-3.29442,3.0,0,53432
 0.16281, 9.76355,-3.39019,3.0,0,53487
-0.25379, 9.42837,-2.84431,3.0,0,53547
 0.05267, 9.77792,-3.27048,3.0,0,53603
-1.11570, 9.40442,-2.66714,3.0,0,53675
-0.30646, 9.34218,-3.09331,3.0,0,53730
-0.47405, 9.57681,-3.20823,3.0,0,53787
-0.42138, 9.33260,-3.06458,3.0,0,53845
-0.32561, 9.69173,-3.27527,3.0,0,53900
-0.35434, 9.31823,-3.20344,3.0,0,53957
-0.29209, 9.50019,-3.28484,3.0,0,54013
-0.42617, 9.53850,-3.03106,3.0,0,54072
-0.69911, 9.76355,-3.06937,3.0,0,54129
-0.83318, 9.44273,-3.45723,3.0,0,54187
 0.11013, 9.61511,-3.51469,3.0,0,54242
-0.46448, 9.46189,-3.29921,3.0,0,54300
-0.20590, 9.64863,-3.25611,3.0,0,54356
-0.23942, 9.44752,-3.14119,3.0,0,54412
-0.38786, 9.51456,-3.14119,3.0,0,54469
-0.06225, 9.48583,-3.39498,3.0,0,54525
-0.43096, 9.66779,-3.02148,3.0,0,54586
-0.46926, 9.44752,-3.09331,3.0,0,54641
 0.03352, 9.54808,-3.31358,3.0,0,54697
-0.34477, 9.50498,-3.16035,3.0,0,54756
-0.26815, 9.71567,-3.02148,3.0,0,54817
 0.01437, 9.47625,-3.10289,3.0,0,54872
-0.22984, 9.75398,-3.16035,3.0,0,54928
-0.38786, 9.49062,-3.05021,3.0,0,54983
-0.32561, 9.59117,-2.83952,3.0,0,55059
-0.13886, 9.47625,-3.35667,3.0,0,55115
-0.38786, 9.73004,-2.68629,3.0,0,55170
-0.13408, 9.96467,-2.68151,3.0,0,55247
-0.16281, 9.84017,-3.16992,3.0,0,55317
-0.42617, 9.67736,-2.90177,3.0,0,55374
-0.42138, 9.67257,-2.37984,3.0,0,55429
-0.55545, 9.81144,-2.68629,3.0,0,55484
-0.51236, 9.82580,-2.74854,3.0,0,55543
-0.34955, 9.35654,-3.15077,3.0,0,55599
-0.98162, 9.52892,-2.96402,3.0,0,55656
-0.43096, 9.68694,-2.48518,3.0,0,55712
-0.72784, 9.66779,-3.02627,3.0,0,55770
-0.60334, 9.38527,-2.87783,3.0,0,55825
-0.60813, 9.80665,-2.73897,3.0,0,55881
-0.40223, 9.49062,-2.86825,3.0,0,55938
-0.62728,10.01255,-3.03106,3.0,0,55995
 0.21069, 9.82102,-3.23696,3.0,0,56052
-0.21548, 9.83538,-2.62405,3.0,0,56108
 1.33118, 9.61033,-3.55778,3.0,0,56164
 0.39265, 9.68215,-3.05021,3.0,0,56226
-0.72784, 9.36133,-3.00233,3.0,0,56285
-0.05746,10.00297,-3.22260,3.0,0,56341
-0.15323, 9.53850,-3.11725,3.0,0,56401
-0.06225, 9.50019,-3.25133,3.0,0,56456
-0.19154, 9.53371,-2.91135,3.0,0,56519
-0.02394, 9.50019,-2.95444,3.0,0,56574
-0.03352, 9.57681,-1.58017,3.0,0,56638
-0.09098, 9.89284,-3.03585,3.0,0,56703
-0.54109, 9.97903,-2.89698,3.0,0,56759
-0.35434, 9.62948,-2.75333,3.0,0,56816
-0.19154, 9.52413,-2.86825,3.0,0,56873
 0.00958, 9.97424,-2.85389,3.0,0,56928
 0.34955, 9.50498,-2.93050,3.0,0,56984
-0.51236, 9.96946,-2.49955,3.0,0,57046
-0.16759, 9.47146,-2.61926,3.0,0,57108
 0.15802, 9.66300,-2.66714,3.0,0,57167
-0.07661, 9.63427,-2.61926,3.0,0,57223
 0.37350, 9.72046,-2.19788,3.0,0,57279
 0.18675, 9.74919,-2.34153,3.0,0,57337
 0.00958, 9.76355,-2.41814,3.0,0,57393
 0.00479,10.20888,-2.80600,3.0,0,57451
 0.42138, 9.73004,-2.83952,3.0,0,57506
-1.64242, 8.69095,-2.37505,3.0,0,57564
-0.85234, 9.50977,-3.39498,3.0,0,57620
-0.00958, 9.66779,-2.73897,3.0,0,57675
 0.06704, 9.58638,-3.49075,3.0,0,57730
-0.19632,10.07480,-3.47159,3.0,0,57786
-0.38307, 9.33739,-3.24654,3.0,0,57842
-0.58897, 9.19852,-4.47716,3.0,0,57902
 0.18675, 9.71567,-5.04698,3.0,0,57957
 0.61292, 8.99262,-6.48829,3.0,0,58013
-1.76692, 8.49463,-2.14520,3.0,0,58070
-1.01993, 9.79228, 0.72305,3.0,0,58127
 1.87227, 3.46202, 0.97683,3.0,0,58184
 1.67594, 4.74052,-0.87149,3.0,0,58241
-0.73741, 8.00621,-1.52271,3.0,0,58296
-1.75256, 8.21690,-4.77404,3.0,0,58352
-5.11401, 3.82115,-7.14430,3.0,0,58408
-8.13071, 3.65834,-7.71412,7.0,0,58464
-9.30387, 3.45723,-7.16824,7.0,0,58519
-10.59674, 3.47159,-6.11000,7.0,0,58581
-10.13226, 4.77883,-6.01423,7.0,0,58637
-9.73961, 2.14520,-4.68306,7.0,0,58696
-10.02213, 4.56814,-4.20422,7.0,0,58752
-9.14585, 2.92093,-4.34787,7.0,0,58807
-8.62870, 2.32716,-2.75333,7.0,0,58863
-8.57124, 4.02705,-3.44286,7.0,0,58920
-9.12191, 4.86981,-2.90656,7.0,0,58976
-7.55131, 8.50420,-1.47483,7.0,0,59038
-6.73250, 3.30400, 0.86670,6.0,0,59095
-9.56723, 4.18028, 0.65122,7.0,0,59150
-14.16410, 3.79720,-4.34787,7.0,0,59215
-11.65497, 2.90177,-1.04387,7.0,0,59270
-15.27980, 2.57616,-2.84431,7.0,0,59326
-11.27190, 2.89220,-1.18274,7.0,0,59384
-12.23437, 3.27527,-2.08296,7.0,0,59440
-11.44428, 2.68629,-1.16358,7.0,0,59500
-9.49540, 2.29843,-2.55222,7.0,0,59556
-10.90319, 2.03507,-1.00078,7.0,0,59612
-10.05565, 2.85868, 0.60334,7.0,0,59672
-9.55765, 2.60489,-2.16915,7.0,0,59729
-6.83784, 2.27449,-0.87628,7.0,0,59786
-7.49385, 3.28963,-0.55545,7.0,0,59842
-7.38851, 0.93853,-1.40300,7.0,0,59897
-6.63673, 1.55623,-1.73819,7.0,0,59952
-7.66623, 3.37104,-0.92416,7.0,0,60013
-7.72369, 3.22260, 0.09577,7.0,0,60071
-9.56244, 1.12049,-3.71101,7.0,0,60129
-9.83538, 0.95768,-2.00634,7.0,0,60184
-8.61913, 2.03028,-1.35033,7.0,0,60239
-10.36689, 1.61369,-1.62327,7.0,0,60295
-9.48104, 2.77727,-1.61848,7.0,0,60350
-9.21768, 0.16281,-3.81157,7.0,0,60408
-7.74764, 1.33596,-2.61926,7.0,0,60465
-7.67581, 0.82839,-2.65756,7.0,0,60525
-9.58638,-0.80924,-3.81157,7.0,0,60580
-9.66300,-0.31125,-3.91691,7.0,0,60637
-8.65743, 0.47405,-3.54342,7.0,0,60693
-8.81066,-0.36392,-3.62003,7.0,0,60750
-9.41400, 0.64643,-3.08852,7.0,0,60805
-9.72525, 1.37906,-2.00634,7.0,0,60861
-8.81545, 1.16837,-3.04542,7.0,0,60921
-10.18015, 0.85712,-2.29843,7.0,0,60977
-11.00375, 2.53307,-2.56658,7.0,0,61037
-11.33894, 1.79565,-2.03028,7.0,0,61094
-9.65821, 1.26893,-2.00634,7.0,0,61181
-9.36612, 1.64721,-2.28407,7.0,0,61293
-9.62948, 1.45567,-2.54264,7.0,0,61350
-9.98861, 0.75657,-3.16035,7.0,0,61410
-9.65821, 0.84755,-2.70066,7.0,0,61477
-9.47625, 0.63686,-2.97839,7.0,0,61534
-9.53371, 1.36469,-2.98318,7.0,0,61590
-9.74440, 0.87149,-2.79643,7.0,0,61651
-9.26077, 1.03908,-3.21781,7.0,0,61706
-9.35654, 0.51715,-3.05500,7.0,0,61763
-9.61511, 0.89543,-2.60968,7.0,0,61818
-9.76355, 1.02472,-3.43329,7.0,0,61874
-9.42837, 1.55144,-3.00233,7.0,0,61931
-9.48583, 0.74220,-2.73897,7.0,0,61987
-9.48583, 0.99599,-3.01191,7.0,0,62047
-9.67257, 1.07260,-3.28006,7.0,0,62102
-9.60554, 1.55144,-3.07894,7.0,0,62167
-9.42837, 1.42216,-3.33752,7.0,0,62227
-9.61990, 1.63285,-2.96881,7.0,0,62283
-9.35175, 1.10133,-3.05500,7.0,0,62339
-9.51935, 1.45089,-3.40455,7.0,0,62394
-9.52413, 1.49877,-2.80122,7.0,0,62450
-9.51456, 1.25456,-2.59053,7.0,0,62506
-9.48583, 1.22104,-3.17950,7.0,0,62562
-9.50498, 1.49398,-3.13162,7.0,1,62620
-9.58160, 1.63763,-2.73418,7.0,1,62675
-9.45710, 1.13006,-2.29365,7.0,1,62730
-9.64384, 1.22583,-3.04542,7.0,1,62790
-9.45710, 1.24498,-3.28484,7.0,1,62845
-9.78750, 0.91937,-3.01669,7.0,1,62901
-9.14106, 0.94332,-3.22260,7.0,1,62956
-7.92481, 1.88184,-7.11078,7.0,1,63011
-10.24239, 1.56102,-7.71891,7.0,1,63070
-10.34774, 3.90255,-6.43561,7.0,1,63125
-11.11388, 2.39420,-8.08761,7.0,1,63182
-10.79785, 2.85868,-7.00543,7.0,1,63237
-10.69250, 2.12605,-7.12036,7.0,1,63293
-9.88326, 1.79565,-6.56969,7.0,1,63352
-8.99741, 1.08218,-8.15944,7.0,1,63407
-8.49463, 1.41258,-7.32147,7.0,1,63465
-6.87615, 1.24977,-9.33739,7.0,1,63521
-5.14753, 0.94810,-9.43316,7.0,1,63584
-4.58729, 0.01437,-7.70933,7.0,1,63639
-2.41814, 0.73741,-8.47069,7.0,1,63700
-1.06781, 0.87149,-7.80989,7.0,1,63755
-0.82839,-2.22182,-7.88650,7.0,1,63810
 1.07260, 1.45567,-8.56645,7.0,1,63870
 1.61848,-0.77093,-7.55131,7.0,1,63925
 1.55623,-3.97437,-5.10923,1.0,1,63980
 3.58173, 0.89543,-5.57370,1.0,1,64036
 2.91614,-3.80199,-2.07817,1.0,1,64094
 3.01191,-2.40378,-2.76770,1.0,1,64152
 1.48441,-2.21703,-3.22260,1.0,1,64214
 2.19309,-2.15957,-5.02304,1.0,1,64270
 2.63362,-0.78051,-7.66623,1.0,1,64329
 0.14365,-1.30723,-8.51857,1.0,1,64386
-2.03028,-0.92416,-8.20253,1.0,1,64441
-3.60567, 3.31836,-10.18493,3.0,1,64497
-4.21380, 0.22505,-7.52258,3.0,1,64554
-3.13640, 2.03986,-9.74919,3.0,1,64609
-5.55934, 2.88741,-8.04452,7.0,1,64664
-4.65912, 2.95444,-11.90876,7.0,1,64724
-6.07170, 4.25689,-11.88961,7.0,1,64784
-6.59363, 4.88417,-5.72693,7.0,1,64840
-7.11557, 2.75333,-4.35745,7.0,1,64898
-7.46991, 3.87861,-8.70053,7.0,1,64953
-8.39407, 3.07894,-7.16824,7.0,1,65010
-7.71412, 3.54821,-6.92403,7.0,1,65068
-8.03015, 1.62327,-3.60088,7.0,0,65123
-8.26957, 1.69031,-5.51145,7.0,0,65179
-8.96389, 2.86347,-7.12514,7.0,1,65237
-8.59518, 2.47082,-6.44519,7.0,1,65301
-9.65821, 0.28252,-3.18908,7.0,1,65358
-9.50498, 0.85234,-4.37181,7.0,1,65415
-9.09797, 2.62883,-6.22014,7.0,1,65471
-10.39562, 1.34554,-4.29041,7.0,0,65528
-9.54808, 1.58975,-4.25210,7.0,0,65583
-9.53850, 0.97205,-4.83150,7.0,0,65643
-9.93115, 2.21703,-3.85945,7.0,0,65698
-9.33739, 2.12126,-4.36702,7.0,0,65753
-9.36133, 2.09253,-3.33752,7.0,0,65814
-9.68215, 0.82839,-3.26090,7.0,0,65871
-9.43794, 1.36948,-3.60088,7.0,0,65926
-9.13148, 1.49398,-3.97916,7.0,0,65982
-9.39485, 1.51792,-3.84030,7.0,0,66041
-9.74440, 1.46525,-3.16992,7.0,0,66096
-9.24162, 1.00078,-2.84910,7.0,0,66155
-9.35654, 1.74298,-3.67271,7.0,0,66210
-9.81144, 1.58496,-3.18908,7.0,0,66270
-9.28950, 2.02071,-3.52905,7.0,0,66325
-9.29429, 1.11570,-3.27527,7.0,0,66382
-9.36133, 1.29287,-3.32794,7.0,0,66438
-9.75398, 1.45089,-3.18908,7.0,0,66493
-9.41879, 1.54665,-3.16035,7.0,0,66552
-9.50498, 1.23062,-3.38540,7.0,0,66607
-9.44752, 1.98719,-2.84431,7.0,0,66667
-8.48984, 1.98719,-2.62405,7.0,0,66722
-9.66300, 2.17872,-4.14676,7.0,0,66778
-9.19852, 2.39420,-3.31358,7.0,1,66835
-9.29908, 1.26893,-4.34308,7.0,1,66891
-9.42837, 2.38462,-4.00789,7.0,1,66977
-8.75320, 0.21548,-4.66869,7.0,1,67032
-8.36534, 0.91937,-7.16345,7.0,1,67089
-10.18493, 2.52349,-8.00142,7.0,1,67160
-10.10353,-0.15802,-5.86101,7.0,1,67216
-9.96946, 0.00479,-6.00466,7.0,1,67271
-9.39964, 0.93853,-6.67982,7.0,1,67330
-9.44273, 0.72784,-8.98783,7.0,1,67389
-8.10677, 0.28252,-8.86812,7.0,1,67450
-8.81066, 0.10534,-9.98861,7.0,1,67506
-8.02536,-1.85311,-9.68694,7.0,1,67561
-6.13394, 0.18196,-8.93037,7.0,1,67616
 3.13640,-2.02071,-4.57293,5.0,1,68338
 4.82671,-1.83875,-7.38851,5.0,1,68399
 2.37026,-1.67115,-8.20253,5.0,1,68456
 2.20267,-0.26815,-7.87214,5.0,1,68513
 0.00000,-0.04788,-7.77637,5.0,1,68571
-0.33998, 0.07183,-12.21522,5.0,1,68630
-1.82438, 0.15323,-9.95030,5.0,1,68687
-2.81558,-3.17471,-5.93283,5.0,1,68742
-2.78206, 1.77171,-10.35732,5.0,1,68800
-4.53941, 0.60813,-11.03727,5.0,1,68856
-6.29675,-4.10366,-6.34463,7.0,1,68911
-4.63039, 1.24977,-8.40365,7.0,1,68968
-6.66546, 3.42371,-12.14339,7.0,1,69024
-8.36534, 1.39821,-13.09149,7.0,1,69080
-8.05888, 1.10133,-6.70855,7.0,1,69137
-7.90565,-1.17316,-5.12838,7.0,1,69195
-7.60398, 1.27372,-8.74841,7.0,1,69249
-9.47146, 4.70700,-10.31901,7.0,1,69304
-9.45231, 0.81403,-2.95923,7.0,1,69359
-8.32703, 0.64643,-4.74052,7.0,1,69420
-8.87291, 3.50990,-9.35654,7.0,1,69475
-8.74362, 2.72460,-4.02705,7.0,1,69533
-9.88326,-0.56024,-1.82917,7.0,1,69588
-9.23683, 3.54821,-6.41167,7.0,1,69648
-9.39485, 1.50356,-3.31836,7.0,1,69703
-9.86890, 2.44209,-3.45723,7.0,1,69758
-9.77792, 1.92015,-4.50589,7.0,1,69814
-9.75398, 1.24498,-3.51948,7.0,1,69869
-9.89763, 1.05824,-3.43807,7.0,1,69931
-9.40442, 1.92973,-5.03740,7.0,1,69989
-9.44752, 1.57060,-3.73017,7.0,0,70048
-9.13627, 1.56581,-1.90578,7.0,0,70104
-8.95431, 2.11169,-2.86825,7.0,0,70160
-9.24641, 1.96325,-3.62003,7.0,0,70215
-9.39485, 2.10690,-2.66235,7.0,0,70271
-9.75398, 2.59531,-2.96402,7.0,0,70330
-9.68215, 1.75256,-3.16035,7.0,0,70385
-9.51935, 2.15957,-2.86825,7.0,0,70456
-9.65342, 1.61369,-2.76770,7.0,0,70512
-9.53850, 1.13964,-3.40455,7.0,0,70570
-9.86890, 1.31681,-1.92015,7.0,0,70626
-9.73004, 1.92494,-3.32315,7.0,0,70682
-9.17458, 1.80044,-3.11725,7.0,0,70737
-9.50977, 1.57538,-2.94008,7.0,0,70792
-9.63427, 1.15879,-2.80600,7.0,0,70855
-9.44273, 1.56581,-3.05979,7.0,0,70911
-9.23204, 2.08774,-3.34231,7.0,0,70975
-9.54329, 1.63285,-2.73897,7.0,0,71036
-9.67257, 1.47004,-2.65278,7.0,0,71094
-9.35175, 2.11647,-3.17471,7.0,0,71149
-9.44273, 1.23062,-2.72460,7.0,0,71205
-9.62948, 1.47962,-3.09810,7.0,0,71263
-9.68215, 1.67115,-2.90177,7.0,0,71322
-9.38527, 1.93451,-3.45723,7.0,0,71388
-9.54808, 1.55144,-2.51391,7.0,0,71445
-9.19852, 1.66636,-2.22182,7.0,0,71502
-9.44273, 1.45089,-3.27527,7.0,0,71557
-9.57681, 1.92973,-2.92093,7.0,0,71617
-9.59596, 1.34554,-2.20267,7.0,0,71672
-9.11233, 1.85790,-3.34709,7.0,1,71728
-9.67736, 1.70946,-3.33752,7.0,1,71788
-9.39485, 1.01035,-2.38941,7.0,1,71852
-9.13627, 1.40779,-3.73017,7.0,1,71908
-9.69173, 1.50835,-4.37181,7.0,1,71964
-9.94073, 0.69432,-3.47638,7.0,1,72020
-9.42358, 0.62249,-4.91290,7.0,1,72076
-10.02213, 1.93451,-5.96635,7.0,1,72158
-10.65899, 2.63841,-5.81312,7.0,1,72214
-11.03727,-0.03831,-7.05811,7.0,1,72273
-9.27035, 2.10690,-6.29196,7.0,1,72329
-10.23282, 0.03352,-5.87058,7.0,1,72388
-9.87848,-0.10056,-6.23929,7.0,1,72444
-9.87369, 1.44131,-8.93995,7.0,1,72505
-7.73327, 0.13886,-9.51456,7.0,1,72560
-7.23049,-0.46926,-7.75721,7.0,1,72620
-4.80756, 0.73263,-10.09874,7.0,1,72727
-3.10289,-0.94332,-8.52815,7.0,1,72783
-1.83875,-0.84276,-8.46590,7.0,1,72838
-1.51314,-1.05345,-8.61913,1.0,1,72894
-1.30723,-3.51469,-7.44597,1.0,1,72949
 0.81882,-0.45969,-8.07325,1.0,1,73005
 1.57538, 0.11492,-8.35576,1.0,1,73060
 2.64799,-3.24175,-8.16423,1.0,1,73121
 3.36625,-0.34477,-4.88417,1.0,1,73227
 2.18351,-2.54264,-0.90980,5.0,1,73289
 3.42371,-3.84509,-1.49398,5.0,1,73345
 2.55222,-1.95367,-6.25365,1.0,1,73401
 2.06859,-3.06458,-8.59040,1.0,1,73456
 1.32639, 0.28252,-6.61757,1.0,1,73517
-1.42694,-1.62327,-8.04452,1.0,1,73573
-0.54109,-1.10612,-10.56801,1.0,1,73630
-1.31681, 3.53863,-11.79384,1.0,1,73688
-4.70700,-1.23062,-5.07571,7.0,1,73744
-5.33907,-1.97282,-7.46512,7.0,1,73800
-4.40054, 0.94332,-13.33092,7.0,1,73857
-6.73728, 1.68073,-11.58794,7.0,1,73913
-8.07325, 0.87628,-6.74207,7.0,1,73968
-8.39886, 0.91937,-5.76524,7.0,1,74027
-7.75721, 0.99120,-9.10275,7.0,1,74083
-7.87692, 2.01113,-9.45710,7.0,1,74144
-8.56167, 3.16992,-9.23683,7.0,1,74200
-9.62469, 3.16992,-4.63039,7.0,1,74256
-9.49540,-0.31125,-3.05500,7.0,1,74318
-9.12670, 1.58975,-5.22415,7.0,1,74374
-9.90242, 2.31759,-6.98149,7.0,1,74429
-9.91199, 2.45166,-1.42216,7.0,1,74486
-9.62948,-0.09098,-2.90656,7.0,1,74542
-9.74440, 2.49955,-7.03416,7.0,1,74597
-10.50576, 1.73340,-4.33351,7.0,1,74654
-9.20810, 0.67038,-2.87783,7.0,1,74709
-9.83538, 1.62327,-4.96557,7.0,1,74769
-9.88805, 1.73340,-3.34709,7.0,1,74825
-9.96467, 1.58496,-2.65278,7.0,1,74881
-10.19930, 2.48518,-3.47159,7.0,0,74937
-9.54329, 2.38462,-3.20823,7.0,0,74993
-9.27035, 1.88663,-3.02627,7.0,0,75053
-9.34218, 1.36469,-2.41814,7.0,0,75109
-9.47625, 2.03507,-3.24654,7.0,0,75167
-9.58638, 1.09176,-2.48997,7.0,0,75222
-9.38048, 1.25456,-2.91135,7.0,0,75280
-9.28950, 1.00556,-3.27048,7.0,0,75336
-9.73482, 1.54665,-2.60010,7.0,0,75391
-9.75877, 0.96726,-4.10845,7.0,0,75450
-9.27514, 1.17316,-3.03585,7.0,0,75505
-10.26155, 1.51314,-1.89621,7.0,0,75581
-9.58638, 1.73819,-2.96881,7.0,0,75641
-9.06445, 2.32238,-3.73017,7.0,0,75696
-9.97903, 1.13006,-2.63362,7.0,0,75753
-9.27993, 1.21147,-2.40857,7.0,0,75816
-9.95030, 1.35033,-3.39977,7.0,0,75872
-9.63427, 0.80924,-2.89698,7.0,0,75930
-9.60554, 1.13485,-2.38941,7.0,0,75987
-9.56723, 1.65679,-2.81079,7.0,0,76044
-9.89763, 1.58017,-2.96402,7.0,0,76101
-9.61511, 1.35033,-2.40378,7.0,0,76156
-9.54808, 1.74298,-3.19865,7.0,0,76213
-9.60075, 1.22104,-3.48117,7.0,0,76272
-9.50019, 1.47962,-2.49955,7.0,0,76329
-9.81144, 1.22104,-3.00233,7.0,0,76384
-9.31823, 1.78129,-3.14119,7.0,0,76439
-9.54808, 0.75657,-2.60968,7.0,0,76497
-9.89284, 1.82917,-3.09810,7.0,1,76552
-9.50019, 1.39343,-2.84910,7.0,1,76607
-9.61033, 1.23541,-2.65278,7.0,1,76668
-9.39964, 1.28808,-3.06458,7.0,1,76726
-9.34696, 1.31202,-3.99832,7.0,1,76783
-9.92636, 1.54665,-2.67672,7.0,1,76839
-10.40999, 0.39744,-6.31112,7.0,1,76896
-10.04607, 1.25935,-6.89051,7.0,1,76952
-9.93594, 2.34153,-5.68862,7.0,1,77011
-9.50977, 3.27048,-7.81467,7.0,1,77067
-11.11388, 2.33195,-6.89530,7.0,1,77123
-10.12268, 0.95289,-7.02938,7.0,1,77178
-9.86411, 0.46448,-7.19218,7.0,1,77237
-9.06445,-0.26336,-7.03416,7.0,1,77292
-7.99663,-0.23942,-7.07726,7.0,1,77348
-7.60877,-0.62728,-6.71813,7.0,1,77407
-6.80911, 0.35434,-7.64708,7.0,1,77463
-5.57370,-0.82839,-9.41400,7.0,1,77524
-4.01747, 0.35913,-7.97748,7.0,1,77579
-3.22260,-0.00479,-8.07804,7.0,1,77634
-2.71502,-1.76692,-8.70053,7.0,1,77693
-0.81403,-0.00479,-9.16022,7.0,1,77751
-0.67038,-0.07183,-7.77637,7.0,1,77806
 0.63207,-1.13964,-8.53294,7.0,1,77866
 0.59376,-0.51236,-8.19296,7.0,1,77922
 1.86269,-0.51236,-9.08360,7.0,1,77977
 1.84354,-1.05345,-7.36935,7.0,1,78052
 2.78206,-0.86191,-9.15543,7.0,1,78108
 2.90656, 0.41180,-7.00065,7.0,1,78163
 2.83952,-1.34554,-5.14753,5.0,1,78219
 3.63919,-0.22027,-6.47871,5.0,1,78276
 3.39977,-0.42617,-7.62793,5.0,1,78331
 3.01669,-0.84276,-5.95199,5.0,1,78387
 4.33351, 0.01915,-9.02135,5.0,1,78443
 2.71024,-1.39821,-7.27358,5.0,1,78499
 1.72383,-0.32561,-6.33027,5.0,1,78557
 2.56180,-1.62327,-8.55209,5.0,1,78613
 1.46046,-0.05746,-9.07881,5.0,1,78669
 0.46926,-0.65601,-8.29351,5.0,1,78728
 0.01437,-1.00078,-7.78594,5.0,1,78792
-2.85389,-2.70066,-7.30710,5.0,1,78855
-1.15879,-0.51236,-10.11790,5.0,1,78915
-2.26013, 1.58496,-11.10431,5.0,1,78971
-4.35266,-1.18752,-8.15465,7.0,1,79038
-2.60968, 1.10133,-8.08761,7.0,1,79095
-2.83473, 1.71425,-12.34929,7.0,1,79151
-4.51068, 0.85234,-11.09473,7.0,1,79210
-5.10444, 2.49476,-9.08360,7.0,1,79266
-5.99029, 0.35913,-5.04219,7.0,1,79322
-6.08606,-0.98641,-7.73327,7.0,1,79378
-5.87058, 2.41336,-13.62780,7.0,1,79434
-7.26401, 3.20344,-9.59596,7.0,1,79490
-8.18338, 1.69988,-1.07260,7.0,1,79545
-8.59997, 0.45969,-2.03986,7.0,1,79613
-9.54329, 0.12450,-1.04387,7.0,1,79691
-9.64384, 3.12683,-4.90333,7.0,1,79747
-8.72926, 4.30477,-9.54329,7.0,1,79804
-9.91199, 1.95846,-4.38139,7.0,1,79864
-9.95030, 1.35991,-3.32794,7.0,1,79919
-9.12191, 2.72939,-5.52582,7.0,1,79979
-9.88326, 2.62405,-4.94642,7.0,1,80036
-9.69173, 1.46525,-3.04064,7.0,1,80093
-9.95509, 1.44131,-4.80756,7.0,1,80149
-10.06044, 1.96803,-4.52504,7.0,1,80205
-9.08360, 2.02549,-3.48117,7.0,0,80265
-10.34774, 2.93529,-2.17872,7.0,0,80320
-9.15064, 2.06380,-4.06057,7.0,0,80377
-9.39006, 1.81480,-2.55222,7.0,0,80433
-9.73961, 2.29365,-3.91691,7.0,0,80489
-9.63906, 1.93930,-3.05979,7.0,0,80545
-9.57202, 1.64721,-2.82037,7.0,0,80600
-9.49540, 2.13084,-3.25611,7.0,0,80660
-9.53371, 1.54187,-3.20344,7.0,0,80717
-9.09797, 1.46046,-3.39977,7.0,0,80773
-9.65342, 1.83875,-2.24576,7.0,0,80831
-9.48583, 1.57538,-3.96480,7.0,0,80889
-9.72046, 1.80523,-2.96402,7.0,0,80945
-9.40921, 1.09176,-2.80122,7.0,0,81007
-9.30387, 1.68073,-4.06535,7.0,0,81065
-9.67736, 1.62327,-2.82995,7.0,0,81121
-9.62469, 1.01993,-2.07338,7.0,0,81179
-9.69652, 1.91536,-3.44286,7.0,0,81234
-9.83059, 1.68073,-2.49955,7.0,0,81290
-9.05008, 1.85790,-3.36625,7.0,0,81346
-10.10353, 1.34554,-2.27449,7.0,0,81401
-9.65342, 2.71024,-2.55701,7.0,0,81460
-9.00699, 1.89621,-3.48596,7.0,0,81521
-9.63427, 1.83396,-2.58095,7.0,0,81576
-9.31823, 2.23140,-3.20344,7.0,0,81632
-9.26556, 2.44687,-3.33273,7.0,0,81690
-9.77792, 1.13964,-1.91536,7.0,0,81746
-9.99819, 1.41258,-2.98318,7.0,0,81801
-9.02135, 2.47082,-3.34709,7.0,0,81859
-9.72046, 1.32639,-2.35111,7.0,0,81914
-9.13627, 2.34153,-3.47159,7.0,0,81969
-9.73961, 1.39343,-2.73418,7.0,0,82029
-9.49540, 1.90100,-2.52828,7.0,0,82085
-9.11233, 2.43251,-3.70622,7.0,0,82162
-9.48104, 2.04944,-3.36146,7.0,0,82234
-9.61511, 1.84354,-2.19788,7.0,0,82290
-9.43794, 2.00155,-2.95444,7.0,1,82359
-9.05487, 2.02549,-3.77805,7.0,1,82414
-9.39964, 1.86748,-3.79242,7.0,1,82490
-9.42358, 1.20189,-2.82037,7.0,1,82545
-9.23683, 2.04944,-3.50511,7.0,1,82605
-9.65342, 2.35589,-3.54821,7.0,1,82663
-10.30943, 2.14520,-4.63996,7.0,1,82718
-9.18895, 2.58574,-5.94720,7.0,1,82774
-9.06445, 3.14119,-6.10521,7.0,1,82834
-10.38126, 2.45166,-6.11479,7.0,1,82889
-10.00776, 3.91691,-5.98550,7.0,1,82952
-9.48583, 0.21548,-4.89375,7.0,1,83009
-9.63427, 1.01514,-5.53539,7.0,1,83064
-8.45632, 2.49955,-9.33260,7.0,1,83119
-8.98304,-0.11492,-7.61835,7.0,1,83176
-8.26000, 0.68474,-5.66947,7.0,1,83232
-6.47871,-1.64721,-8.28394,7.0,1,83287
-5.99987, 0.15802,-8.81545,7.0,1,83346
-5.65510, 0.78051,-8.26000,7.0,1,83402
-4.35266, 2.01592,-9.15064,7.0,1,83465
-2.86347,-0.43096,-8.75799,7.0,1,83527
-3.03585,-0.53630,-7.26880,7.0,1,83583
-1.50835,-1.75734,-8.86812,7.0,1,83654
-1.89621,-0.57461,-8.46590,7.0,1,83713
 0.40223, 0.40701,-9.78750,7.0,1,83769
-0.10534, 0.69432,-8.48505,7.0,1,83825
 0.21548,-1.37427,-8.21690,7.0,1,83880
 1.09176, 1.38385,-10.86489,7.0,1,83940
 0.63207,-4.39097,-8.26478,1.0,1,83997
 3.22260,-3.16513,-7.07726,1.0,1,84052
 4.29999,-0.42617,-8.55209,1.0,1,84107
 2.56180,-3.56736,-6.67982,1.0,1,84166
 2.68629,-1.37427,-4.24731,1.0,1,84222
 3.18429,-2.14999,-6.38773,1.0,1,84282
 0.53630,-2.50912,-5.72214,1.0,1,84337
 1.71425,-0.74699,-3.85945,1.0,1,84393
 1.26414,-2.57137,-7.90087,1.0,1,84449
 0.39744, 2.56658,-10.20888,1.0,1,84506
-0.29209, 3.19387,-10.72602,1.0,1,84562
-1.73819, 0.86191,-8.48984,1.0,1,84619
-2.23140, 1.99676,-10.27112,1.0,1,84677
-4.98952,-2.23140,-6.60800,7.0,1,84734
-5.01346, 0.29209,-10.07480,7.0,1,84792
-5.31513, 1.46525,-11.75553,7.0,1,84848
-5.44441, 3.39019,-10.00776,7.0,1,84907
-5.34865, 1.72861,-3.05979,7.0,1,84963
-5.97593, 0.88585,-10.00297,7.0,1,85019
-7.24007, 3.84509,-15.44260,7.0,1,85074
-11.15219, 2.31759,-5.95677,7.0,1,85129
-10.24718, 0.01437,-4.94642,7.0,1,85190
-9.68694, 2.79164,-4.95121,7.0,1,85245
-9.77792, 3.38540,-5.79876,7.0,1,85306
-9.89284, 3.26569,-7.57047,7.0,1,85361
-9.77313, 1.77650,-3.75890,7.0,1,85417
-9.67736, 1.46525,-3.67749,7.0,1,85477
-9.70609, 2.28407,-4.99430,7.0,1,85533
-9.66779, 2.59053,-3.11725,7.0,1,85588
-9.66779, 1.49398,-3.65834,7.0,1,85646
-10.20409, 1.80523,-2.67193,7.0,0,85702
-9.30866, 1.30245,-4.45800,7.0,0,85762
-8.64307, 2.03028,-3.38540,7.0,0,85822
-9.72525, 1.48919,-2.90656,7.0,0,85878
-9.93594, 1.83875,-2.70545,7.0,0,85935
-9.79707, 1.57538,-2.38462,7.0,0,85993
-9.07402, 2.02549,-3.11725,7.0,0,86049
-9.21289, 2.14520,-3.15556,7.0,0,86104
-9.54329, 1.37906,-2.37505,7.0,0,86160
-9.40921, 2.34153,-3.05979,7.0,0,86215
-9.23204, 1.35033,-2.60968,7.0,0,86270
-10.10353, 1.35512,-2.07338,7.0,0,86329
-10.05086, 1.34554,-2.86825,7.0,0,86385
-9.35175, 1.78129,-2.70545,7.0,0,86441
-9.67257, 1.97761,-2.70545,7.0,0,86498
-9.81144, 1.91057,-2.50912,7.0,0,86554
-9.29908, 1.97761,-2.60010,7.0,0,86609
-9.74440, 1.89142,-2.48997,7.0,0,86665
-9.94551, 1.86748,-2.28407,7.0,0,86725
-9.26556, 2.06380,-2.69587,7.0,0,86783
-9.62469, 1.77171,-2.56180,7.0,0,86840
-9.98382, 2.21224,-2.38941,7.0,0,86899
-9.66779, 1.84832,-2.50912,7.0,0,86957
-9.23204, 2.29843,-2.51391,7.0,0,87015
-9.95988, 1.69509,-2.17872,7.0,0,87071
-9.44273, 2.01592,-2.54264,7.0,0,87126
-9.66300, 2.36547,-2.84910,7.0,0,87183
-9.93115, 2.03986,-1.78129,7.0,0,87239
-9.44752, 2.10690,-3.14119,7.0,0,87294
-9.56244, 1.96803,-1.42216,7.0,1,87352
-9.73961, 1.93451,-2.90656,7.0,1,87407
-9.58638, 2.08296,-4.57771,7.0,1,87463
-10.42435, 2.88741,-4.43406,7.0,1,87518
-9.82580, 2.95444,-2.88262,7.0,1,87573
-11.02769, 2.15478,-9.04529,7.0,1,87632
-11.18571, 1.09654,-4.74052,7.0,1,87688
-11.78905, 1.87227,-5.22894,7.0,1,87766
-11.57836, 2.99754,-5.96635,7.0,1,87834
-10.59674, 2.57137,-8.50420,7.0,1,87892
-9.54808, 1.61369,-8.38449,7.0,1,87948
-7.14909, 2.06380,-7.76200,7.0,1,88007
-6.42125,-0.07661,-4.95600,7.0,1,88067
-4.64475,-0.95768,-7.62793,7.0,1,88123
-2.91614, 0.49321,-8.77236,7.0,1,88179
-2.20745,-2.56658,-7.54174,7.0,1,88235
-0.17238, 2.38941,-7.51779,7.0,1,88291
 0.36871, 0.78530,-7.77637,7.0,1,88348
 2.98318,-0.33040,-5.60243,7.0,1,88407
 1.36469, 0.36871, 2.86825,6.0,1,88465
 4.16112,-1.11570,-4.71658,5.0,1,88520
 0.75178, 1.14922,-1.06781,1.0,1,88582
 2.23140,-2.35589,-6.41646,1.0,1,88637
 2.94008,-0.56503,-7.67102,1.0,1,88693
 1.03908, 0.44532,-6.60321,1.0,1,88749
-2.10690,-0.80924,-6.41646,1.0,1,88805
-2.27928,-3.98395,-12.96700,1.0,1,88868
-3.69186, 0.06704,-12.56956,7.0,1,88923
-5.82270, 1.42694,-6.56011,7.0,1,88979
-5.59285, 1.15879,-8.70532,7.0,1,89035
-6.89051, 2.14999,-12.46900,7.0,1,89095
-9.42837, 3.63919,-10.03649,7.0,1,89153
-10.28070, 5.19542,-10.21845,7.0,1,89209
-10.18493, 1.95846,-5.59285,7.0,1,89264
-11.12825, 0.07183,-1.87227,7.0,1,89320
-10.01734, 2.03986,-4.05578,7.0,1,89382
-8.47547, 3.95043,-10.00297,7.0,1,89438
-9.79707, 3.58651,-4.69264,7.0,1,89494
-10.18972, 1.78607,-1.80044,7.0,1,89551
-10.33337, 2.59053,-6.01423,7.0,1,89609
-9.95030, 2.64320,-4.75010,7.0,1,89676
-9.61511, 1.37906,-3.03106,7.0,0,89731
-9.01178, 2.04465,-3.31358,7.0,0,89786
-10.49139, 1.71904,-2.66714,7.0,0,89841
-9.74919, 2.05422,-3.83551,7.0,0,89899
-9.35654, 1.92973,-2.42293,7.0,0,89959
-9.10754, 2.05901,-2.65756,7.0,0,90020
-9.84017, 1.92494,-3.05021,7.0,0,90078
-9.58638, 2.08296,-3.28963,7.0,0,90134
-9.72046, 2.03507,-2.69108,7.0,0,90191
-9.38048, 2.18351,-2.82037,7.0,0,90247
-9.08360, 2.03986,-3.37104,7.0,0,90309
-9.65821, 1.71425,-2.66235,7.0,0,90365
-9.48104, 1.79565,-3.13162,7.0,0,90424
-9.45710, 2.08296,-2.90656,7.0,0,90481
-9.58638, 2.12126,-2.80600,7.0,0,90538
-9.33260, 1.92973,-2.48997,7.0,0,90594
-9.77792, 1.99676,-2.64799,7.0,0,90657
-9.60075, 2.03986,-2.47082,7.0,0,90719
-9.25119, 2.04465,-3.20823,7.0,0,90775
-9.78750, 1.82438,-2.60489,7.0,0,90834
-9.79228, 1.94409,-2.46124,7.0,1,90891
-9.51935, 1.88663,-2.99275,7.0,1,90946
-9.60554, 1.81959,-2.64320,7.0,1,91002
-9.26556, 1.16358,-2.60010,7.0,1,91058
-10.78827, 1.36948,-4.18028,7.0,1,91113
-11.16656, 3.44286,-6.25365,7.0,1,91169
-10.91277, 3.29921,-5.57849,7.0,1,91230
-11.92791, 2.09732,-5.28640,7.0,1,91286
-11.34852, 1.12527,-7.79073,7.0,1,91348
-11.99974, 2.91135,-6.00945,7.0,1,91410
-12.30620, 1.83396,-5.68862,7.0,1,91469
-10.76912, 2.26970,-10.42435,7.0,1,91528
-7.67102, 3.78284,-9.79707,7.0,1,91583
-6.88094, 0.40701,-6.44519,7.0,1,91643
-6.02381, 0.09577,-7.11557,7.0,1,91704
-4.74531, 1.78607,-7.73327,7.0,1,91760
-2.95444, 0.58897,-7.24964,7.0,1,91818
-1.40779,-0.27294,-7.68539,7.0,1,91874
-0.59376, 0.12929,-6.82826,7.0,1,91930
-0.13886,-2.27449,-5.86579,7.0,1,91997
 2.78206, 0.48842,-6.62715,7.0,1,92055
 2.10690,-0.44532,-3.07894,1.0,1,92111
 2.56658,-2.36547,-2.94008,1.0,1,92168
 0.90022,-2.25534,-0.90980,1.0,1,92226
 1.49398,-0.67516,-5.97114,1.0,1,92285
 2.35111,-0.56503,-7.74285,1.0,1,92342
-0.45011,-1.49877,-6.30633,3.0,1,92398
-2.40378, 0.57461,-4.99909,3.0,1,92459
-3.94564,-3.73495,-9.41879,1.0,1,92516
-2.88741, 7.49385,-9.73961,3.0,1,92575
-6.34942,-0.21069,-8.59040,7.0,1,92632
-8.53294,-2.97360,-7.40287,7.0,1,92688
-9.69173, 1.22583,-6.19619,7.0,1,92744
-10.27112, 0.90980,-6.84263,7.0,1,92799
-8.76757, 5.64074,-11.75553,7.0,1,92855
-10.60153, 2.81079,-7.81467,7.0,1,92912
-10.41957, 1.68073,-2.78685,7.0,1,92970
-9.43316, 1.96803,-4.52025,7.0,1,93026
-10.06044, 4.08451,-6.49307,7.0,1,93086
-9.92157, 2.69587,-3.79242,7.0,1,93142
-10.60631, 2.56658,-4.22337,7.0,1,93199
-10.34295, 3.11725,-3.53384,7.0,1,93255
-9.67736, 2.26013,-5.11880,7.0,1,93310
-9.40442, 2.10690,-3.53863,7.0,1,93366
-9.94073, 2.25055,-4.40533,7.0,1,93421
-9.06924, 1.44131,-2.99754,7.0,0,93482
-9.45231, 0.86670,-2.82516,7.0,0,93539
-9.90721, 1.50356,-2.82037,7.0,0,93598
-9.51935, 1.81002,-2.71502,7.0,0,93653
-9.30387, 2.26013,-3.55778,7.0,0,93711
-9.72525, 1.68552,-2.60489,7.0,0,93770
-9.37569, 2.10211,-2.27928,7.0,0,93825
-9.20810, 1.68073,-3.34231,7.0,0,93881
-9.94073, 2.19309,-2.63362,7.0,0,93937
-9.59596, 2.23140,-2.72460,7.0,0,93996
-8.32224, 2.32238,-2.96881,7.0,0,94052
-9.78271, 2.04465,-2.19309,7.0,0,94114
-9.38527, 2.46124,-3.40934,7.0,0,94171
-9.68694, 2.27928,-2.29843,7.0,0,94226
-9.65821, 2.49955,-2.22182,7.0,0,94282
-9.56723, 2.16915,-2.95444,7.0,0,94338
-9.86411, 2.14520,-2.72939,7.0,0,94394
-9.99819, 2.14520,-2.14520,7.0,0,94449
-9.42837, 2.42293,-2.71981,7.0,0,94508
-9.57681, 2.18351,-2.32238,7.0,0,94564
-9.46189, 2.29365,-2.62883,7.0,0,94626
-9.33260, 2.25055,-2.51391,7.0,0,94687
-9.45710, 2.14999,-2.37026,7.0,0,94742
-9.50498, 2.12126,-2.39420,7.0,0,94800
-9.56244, 1.95846,-2.62883,7.0,0,94856
-9.58160, 2.26491,-2.14520,7.0,0,94916
-9.49540, 1.81002,-2.34632,7.0,0,94972
-9.52413, 2.19788,-2.57137,7.0,1,95031
-9.90721, 2.19788,-1.80044,7.0,1,95086
-9.51935, 1.71425,-2.39420,7.0,1,95142
-9.39006, 1.85311,-2.74854,7.0,1,95212
-10.94150, 1.53229,-4.75010,7.0,1,95267
-11.31979, 2.94487,-4.75488,7.0,1,95327
-11.47301, 1.48441,-4.77404,7.0,1,95384
-12.13860, 1.01035,-6.49786,7.0,1,95441
-11.32936, 1.72383,-8.27915,7.0,1,95497
-11.94707, 1.20189,-9.46667,7.0,1,95554
-9.34696, 1.05824,-7.41724,7.0,1,95611
-9.22246, 1.09176,-7.41245,7.0,1,95667
-9.43794, 2.36068,-8.00142,7.0,1,95723
-7.89129, 0.99599,-7.92960,7.0,1,95779
-8.05409, 0.62728,-6.67503,7.0,1,95844
-6.54575,-0.59855,-6.40210,7.0,1,95900
-4.22337, 1.57060,-8.78193,7.0,1,95956
-2.59531,-0.22984,-8.56167,7.0,1,96018
-1.47962,-0.12929,-6.82347,7.0,1,96077
-0.20111, 1.24498,-9.61990,7.0,1,96133
 0.04788,-1.79086,-8.79630,7.0,1,96189
 1.43173,-2.47082,-6.83784,7.0,1,96248
 3.26090, 2.72460,-10.07959,7.0,1,96304
 2.99754,-1.54187,-5.50666,7.0,1,96372
 3.73017, 0.71347,-0.56982,7.0,1,96429
 1.61848,-0.28730,-1.43652,5.0,1,96487
 2.15478,-0.66080,-3.13640,5.0,1,96543
 2.47560,-3.30879,-5.68384,1.0,1,96606
 2.37984,-1.32160,-5.99508,1.0,1,96661
 0.55067,-1.36948,-7.71412,1.0,1,96730
-0.90022,-1.49398,-5.77960,1.0,1,96786
-2.52828,-0.97205,-7.85298,1.0,1,96842
-5.41090, 0.04310,-10.17536,7.0,1,96905
-6.35900, 2.42293,-8.95431,7.0,1,96966
-6.93840, 0.92416,-6.23450,7.0,1,97021
-9.28471, 1.06303,-3.70622,7.0,1,97084
-9.29908, 0.51715,-8.95431,7.0,1,97144
-10.36689, 6.04296,-9.15064,7.0,1,97199
-10.53928, 1.91536,-6.21056,7.0,1,97256
-11.22402, 2.13084,-5.29119,7.0,1,97313
-10.09395, 4.73094,-8.15465,7.0,1,97373
-9.93594, 2.05901,-5.11401,7.0,1,97430
-11.45865, 3.64876,-3.76847,7.0,1,97489
-9.75877, 2.68151,-4.05099,7.0,1,97544
-9.21768, 2.69587,-4.08930,7.0,1,97604
-9.91199, 2.20745,-3.26090,7.0,1,97660
-9.75877, 1.76213,-3.96480,7.0,0,97717
-10.10832, 1.70467,-1.47962,7.0,0,97772
-9.02614, 2.29365,-2.92093,7.0,0,97828
-8.99741, 2.33195,-2.40378,7.0,0,97887
-9.43316, 2.39420,-2.11647,7.0,0,97943
-10.04607, 2.07817,-1.97761,7.0,0,98000
-9.40921, 2.25055,-2.31759,7.0,0,98055
-9.63906, 2.14520,-2.36547,7.0,0,98111
-9.61511, 2.02071,-1.88663,7.0,0,98173
-8.91601, 2.81079,-3.16992,7.0,0,98228
-9.69652, 1.52271,-2.11169,7.0,0,98284
-9.67257, 2.31280,-2.84910,7.0,0,98339
-9.69652, 1.89621,-2.04944,7.0,0,98398
-9.69173, 2.17394,-3.00233,7.0,0,98454
-9.84975, 2.37026,-2.80122,7.0,0,98517
-9.69173, 2.15957,-1.19231,7.0,0,98578
-9.39964, 1.66158,-3.30400,7.0,0,98633
-9.61511, 1.78607,-2.79164,7.0,0,98690
-9.64863, 1.58975,-2.24576,7.0,0,98745
-9.53371, 1.99198,-2.50912,7.0,0,98801
-9.39485, 1.58975,-2.49955,7.0,0,98857
-9.57681, 1.93451,-2.51870,7.0,0,98912
-9.55765, 1.91057,-2.60489,7.0,0,98968
-9.63906, 1.57538,-2.34153,7.0,0,99025
-9.53850, 2.03507,-2.82516,7.0,0,99091
-9.72525, 1.28808,-2.31759,7.0,0,99146
-9.50977, 1.69031,-3.01669,7.0,0,99203
-9.72525, 1.33596,-2.50433,7.0,0,99260
-9.56723, 1.81002,-2.66714,7.0,0,99323
-9.69652, 1.57538,-2.35111,7.0,0,99381
-9.74440, 1.97761,-2.87304,7.0,1,99440
-9.74919, 1.67594,-2.76770,7.0,1,99509
-9.63427, 0.86670,-2.88262,7.0,1,99565
-9.91199, 2.61926,-3.75890,7.0,1,99620
-10.91277, 2.99275,-3.44286,7.0,1,99678
-10.45308, 2.00634,-3.82593,7.0,1,99733
-11.39161, 1.62327,-5.01825,7.0,1,99793
-10.60153, 0.06704,-6.32548,7.0,1,99848
-12.26789, 2.47560,-8.41801,7.0,1,99909
-11.60709, 2.33674,-10.51055,7.0,1,99964
-11.47780, 0.87149,-6.07170,7.0,1,100022
-9.96946, 1.69988,-6.92882,7.0,1,100078
-9.98861,-1.58975,-8.37013,7.0,1,100134
-6.64152, 2.59053,-8.88249,7.0,1,100192
-7.04853, 1.21625,-8.31267,7.0,1,100247
-4.48673,-0.71826,-7.88650,7.0,1,100303
-2.76770,-1.39821,-7.08205,7.0,1,100360
-1.49398,-0.05746,-8.05409,7.0,1,100415
-0.98162,-1.29287,-5.77003,7.0,1,100470
 0.57940, 0.72784,-7.00543,7.0,1,100527
 2.03986,-0.79009,-6.15310,7.0,1,100584
 1.88184,-1.30723,-4.30956,7.0,1,100640
 5.54976,-0.09098,-4.07493,5.0,1,100696
 2.52349,-1.57060,-2.87783,5.0,1,100753
 1.63763, 0.97683,-3.86424,1.0,1,100808
 2.04465,-2.55222,-6.74686,1.0,1,100875
 1.36469, 0.23942,-8.23605,1.0,1,100934
 0.12929, 1.58496,-8.40844,1.0,1,100990
-2.47560,-3.42371,-4.93684,1.0,1,101046
-2.44687,-0.32082,-7.71891,1.0,1,101101
-3.63440, 0.98641,-12.00453,1.0,1,101162
-4.56335, 3.86424,-12.01889,7.0,1,101218
-6.83305, 0.69911,-4.94163,7.0,1,101275
-8.90643, 2.62883,-7.22570,7.0,1,101330
-8.51857, 2.52828,-10.62547,7.0,1,101390
-9.79228, 4.29999,-9.95988,7.0,1,101448
-11.13783, 0.84276,-6.07648,7.0,1,101505
-9.95509, 2.48997,-6.38773,7.0,1,101560
-9.63906, 2.56180,-6.40688,7.0,1,101616
-10.03170, 2.12126,-5.86579,7.0,1,101679
-10.48182, 1.97761,-5.11401,7.0,1,101737
-9.82102, 2.38941,-4.00789,7.0,1,101793
-9.94551, 2.39420,-3.71580,7.0,1,101848
-10.31901, 2.18351,-3.18908,7.0,1,101903
-10.46266, 1.20189,-4.02705,7.0,1,101962
-9.83538, 1.39343,-3.98874,7.0,1,102018
-10.29028, 1.68073,-1.84354,7.0,1,102084
-10.48182, 0.90501,-3.42850,7.0,0,102140
-9.57681, 0.78530,-2.68151,7.0,0,102200
-8.01100, 1.66158,-2.93529,7.0,0,102290
-8.47547, 1.22583,-1.83396,7.0,0,102346
-10.21845, 3.65834,-3.16513,7.0,0,102406
-9.82102, 2.11169,-1.45567,7.0,0,102461
-10.47224, 2.80600,-1.91057,7.0,0,102519
-10.53449, 2.53307,-2.45645,7.0,0,102575
-9.89284, 3.57215,-2.87304,7.0,0,102632
-8.85376, 2.30801,-2.33195,7.0,0,102687
-9.25119, 2.66235,-2.66714,7.0,0,102742
-11.02290, 2.52828,-2.37984,7.0,0,102802
-10.62547, 1.08697,-2.65278,7.0,0,102858
-9.18416, 1.20668,-2.70545,7.0,0,102918
-8.88728, 1.02472,-1.98719,7.0,0,102974
-9.72046, 0.54109,-3.16513,7.0,0,103029
-9.58160, 1.11570,-2.61926,7.0,0,103085
-9.12191, 1.67115,-2.59053,7.0,0,103148
-9.59117, 0.92895,-2.46603,7.0,0,103203
-9.74440, 1.62327,-2.32716,7.0,0,103302
-9.94073, 1.57060,-2.93529,7.0,0,103359
-10.22324, 1.37427,-2.09253,7.0,0,103416
-9.50498, 1.24977,-2.78206,7.0,0,103472
-9.78750, 1.46046,-2.63362,7.0,0,103534
-9.94551, 1.27372,-2.61447,7.0,0,103589
-9.40442, 1.70946,-2.77249,7.0,0,103646
-9.39485, 1.81002,-2.36547,7.0,0,103701
-9.72525, 1.92015,-2.40857,7.0,0,103758
-9.88805, 1.86748,-2.00634,7.0,0,103813
-9.49540, 1.34075,-2.33195,7.0,0,103869
-9.69173, 1.51314,-2.36068,7.0,0,103931
-9.61511, 1.18752,-2.35111,7.0,0,103988
-9.72046, 1.47004,-2.47082,7.0,0,104045
-9.44752, 1.52750,-2.43730,7.0,1,104100
-9.67257, 1.07260,-2.28407,7.0,1,104156
-9.85932, 1.07739,-2.54264,7.0,1,104211
-9.89763, 0.63207,-1.68073,7.0,1,104270
-8.55209, 0.90022,-5.10444,7.0,1,104326
-9.97424, 2.52828,-3.40455,7.0,1,104382
-11.66934, 2.43730,-5.69820,7.0,1,104440
-11.21444, 2.39899,-8.02536,7.0,1,104495
-10.66377, 0.13408,-5.05655,7.0,1,104555
-11.33415, 0.83318,-3.83072,7.0,1,104611
-12.10508, 0.08619,-5.77481,7.0,1,104669
-9.68215, 1.49398,-8.91601,7.0,1,104725
-9.19852, 1.99198,-9.72525,7.0,1,104782
-9.98861,-1.30245,-5.04219,7.0,1,104837
-8.95431,-1.10612,-6.41167,7.0,1,104896
-7.40287,-1.02951,-8.39407,7.0,1,104954
-5.13317, 2.81558,-9.74919,7.0,1,105013
-4.07014,-1.23062,-5.57849,7.0,1,105068
-2.97839,-1.01514,-8.27436,7.0,1,105124
-1.58975, 0.24421,-8.50420,1.0,1,105181
-0.51236,-1.17795,-7.49864,1.0,1,105238
 0.22505,-3.05500,-7.34062,1.0,1,105295
 0.72784,-3.03106,-7.88650,1.0,1,105352
 1.35033,-0.75178,-6.30154,1.0,1,105411
 3.39977,-2.58574,-1.92973,1.0,1,105469
 4.83629,-0.56503,-2.69108,5.0,1,105526
 0.96247,-0.86191,-4.24731,5.0,1,105582
 1.17316,-2.28886,-2.90177,5.0,1,105638
 1.85311, 0.34477,-7.99663,1.0,1,105731
-1.75256,-3.49075,-6.22492,1.0,1,105786
-2.71024,-3.26569,-6.30154,1.0,1,105843
-3.09331,-0.21069,-9.44273,1.0,1,105899
-3.12683, 1.47004,-11.59751,7.0,1,105955
-5.24809, 3.36625,-12.66054,7.0,1,106011
-7.94396,-0.51715,-5.18105,7.0,1,106066
-6.76123, 1.55623,-8.53294,7.0,1,106122
-8.46590, 1.82917,-10.03170,7.0,1,106182
-9.27035, 1.49877,-9.20331,7.0,1,106237
-9.66300, 2.10211,-9.11712,7.0,1,106305
-10.21845, 1.24498,-4.42448,7.0,1,106363
-9.35654, 3.43329,-6.58405,7.0,1,106422
-9.24641, 3.81636,-5.18584,7.0,1,106478
-9.96946, 0.84276,-4.03184,7.0,1,106535
-9.46667, 2.77249,-5.29119,7.0,1,106591
-10.22324, 2.16915,-3.32315,7.0,1,106647
-10.19451, 1.31202,-3.94086,7.0,1,106720
-9.71567, 1.23062,-3.94564,7.0,1,106784
-10.24239, 1.40300,-3.33752,7.0,0,106840
-9.99340, 1.68552,-2.06380,7.0,0,106898
-10.27112, 1.74777,-2.67193,7.0,0,106954
-9.18895, 2.33674,-2.70066,7.0,0,107016
-9.86411, 1.59454,-1.91057,7.0,0,107078
-9.21289, 2.79164,-2.44209,7.0,0,107134
-9.27993, 1.95846,-2.86347,7.0,0,107190
-9.40921, 1.70946,-2.60968,7.0,0,107245
-9.50498, 1.52750,-2.14999,7.0,0,107301
-9.48104, 1.85790,-2.40857,7.0,0,107356
-9.49062, 1.45089,-2.03986,7.0,0,107412
-9.70131, 1.45089,-3.27527,7.0,0,107467
-9.85453, 2.23140,-2.82516,7.0,0,107524
-9.77792, 1.33118,-2.41814,7.0,0,107579
-9.62469, 1.47004,-2.45166,7.0,0,107638
-9.38048, 2.20745,-2.64320,7.0,0,107696
-9.59117, 1.94409,-2.13084,7.0,0,107753
-9.82580, 1.65200,-2.26491,7.0,0,108503
-9.53850, 1.59454,-2.36547,7.0,0,108560
-9.63427, 1.81002,-2.57137,7.0,0,108617
-9.78271, 1.73819,-2.14999,7.0,0,108674
-9.88326, 1.69031,-2.29843,7.0,0,108731
-9.82580, 1.79565,-2.15957,7.0,0,108788
-9.64384, 1.63763,-2.46124,7.0,0,108844
-9.83059, 1.66158,-1.96803,7.0,0,108900
-9.66300, 1.65200,-2.82516,7.0,0,108958
-9.84975, 1.81002,-2.28407,7.0,0,109013
-9.80665, 1.59933,-2.09732,7.0,0,109072
-9.64384, 1.83396,-2.40378,7.0,0,109127
-9.69173, 1.60412,-2.58574,7.0,0,109185
-9.74440, 1.57060,-2.29843,7.0,0,109240
-9.61511, 1.81959,-2.62883,7.0,0,109296
-9.73004, 1.63763,-2.18351,7.0,0,109355
-9.84496, 1.59454,-2.06859,7.0,0,109411
-9.73004, 1.26893,-2.21703,7.0,0,109471
-9.62469, 1.81959,-2.38941,7.0,0,109527
-9.72046, 1.10133,-2.04944,7.0,0,109584
-9.67736, 1.60412,-2.36068,7.0,0,109640
-9.82580, 1.13006,-2.44687,7.0,0,109698
-9.81144, 1.52750,-1.75256,7.0,0,109753
-9.62948, 1.98719,-3.31358,7.0,1,109809
-9.57202, 2.54264,-2.11647,7.0,1,109869
-9.72525, 1.10612,-3.22738,7.0,1,109925
-9.15543, 1.89142,-3.06937,7.0,1,109982
-9.74919, 2.36547,-3.22260,7.0,1,110037
-10.19451, 0.20111,-4.31914,7.0,1,110094
-10.47224, 1.63763,-4.73573,7.0,1,110149
-10.35253, 1.71904,-4.56335,7.0,1,110207
-10.20409, 0.19154,-5.54497,7.0,1,110262
-10.18493,-0.15323,-5.75087,7.0,1,110318
-11.05642,-1.35512,-6.59842,7.0,1,110378
-10.59195, 0.46926,-7.26880,7.0,1,110434
-9.55765,-0.01915,-9.44752,7.0,1,110493
-8.86333, 1.29287,-8.14986,7.0,1,110551
-8.42280,-0.15323,-7.49864,7.0,1,110607
-7.24485, 0.13408,-8.93516,7.0,1,110664
-5.29119,-0.00479,-10.73081,7.0,1,110723
-4.48195,-0.19154,-7.49864,7.0,1,110778
-3.78763, 2.52349,-8.76757,7.0,1,110833
-1.04866, 0.49321,-10.69729,7.0,1,110892
-0.79966,-2.25055,-6.89051,1.0,1,110948
 0.59376,-2.06859,-5.99987,1.0,1,111006
 1.37427,-1.89142,-8.62870,1.0,1,111061
 1.92973,-1.96325,-3.84988,1.0,1,111119
 2.89220, 1.08697,-2.88741,1.0,1,111178
 2.83952,-0.11971,-3.71101,5.0,1,111233
-0.66080,-1.26414,-2.14999,5.0,1,111289
 2.05422,-1.11091,-4.07972,1.0,1,111344
 0.77572,-2.12126,-7.63272,1.0,1,111403
-1.04866, 0.51236,-7.67102,1.0,1,111460
-4.28083, 1.89142,-8.72447,7.0,1,111519
-5.12359,-3.24654,-6.75165,7.0,1,111574
-4.75488, 4.56814,-10.96544,7.0,1,111631
-9.34696, 1.71904,-7.26880,7.0,1,111689
-10.28549, 0.54109,-6.18662,7.0,1,111745
-11.09952, 0.94332,-6.50265,7.0,1,111801
-11.25754, 4.95600,-9.88805,7.0,1,111856
-11.79863, 2.71981,-7.12514,7.0,1,111919
-11.13783, 2.60489,-4.72137,7.0,1,111978
-10.89841, 2.74376,-4.63517,7.0,1,112034
-10.26155, 1.75256,-5.76524,7.0,1,112090
-10.74518, 2.63362,-3.92170,7.0,1,112146
-10.28549, 1.07739,-4.66391,7.0,1,112201
-9.42358, 2.36547,-2.83473,7.0,1,112258
-10.95587, 2.52828,-1.78607,7.0,1,112316
-9.96467, 2.90177,-2.14999,7.0,1,112372
-9.21289, 2.56658,-2.61447,7.0,0,112428
-9.25598, 2.77249,-2.32716,7.0,0,112484
-9.50498, 1.69509,-1.92015,7.0,0,112556
-9.86411, 3.11725,-3.11246,7.0,0,112615
-9.46667, 1.97761,-1.58496,7.0,0,112670
-9.51935, 2.30322,-1.94888,7.0,0,112726
-9.51935, 2.40378,-1.99676,7.0,0,112785
-9.57681, 2.13563,-2.74376,7.0,0,112841
-9.59117, 2.24576,-2.23618,7.0,0,112897
-9.76834, 2.48997,-2.10690,7.0,0,112966
-9.58160, 2.72460,-2.70545,7.0,0,113021
-9.73004, 2.01592,-1.81959,7.0,0,113076
-9.79228, 2.08774,-2.36068,7.0,0,113699
-9.65342, 1.90578,-2.47082,7.0,0,114419
-9.74440, 1.69509,-2.31280,7.0,0,114476
-9.54329, 1.95846,-2.41336,7.0,0,114531
-9.50019, 1.98240,-2.61447,7.0,0,114589
-9.63906, 1.92015,-2.30801,7.0,0,114644
-9.49062, 1.69031,-2.57137,7.0,0,114704
-9.39964, 1.81002,-2.29843,7.0,0,114759
-9.74440, 1.81959,-2.30801,7.0,0,114814
-9.62948, 1.96803,-2.35589,7.0,0,114870
-9.72046, 2.01592,-2.39420,7.0,0,114926
-9.66300, 1.88663,-2.54264,7.0,0,114981
-9.63427, 2.09732,-2.60010,7.0,0,115038
-9.73482, 1.89142,-2.35589,7.0,0,115115
-9.76355, 2.03986,-2.37505,7.0,0,115171
-9.64863, 1.80044,-2.43251,7.0,0,115227
-9.75398, 2.10211,-2.05901,7.0,0,115282
-9.60075, 1.87705,-2.48518,7.0,0,115342
-9.68215, 1.69509,-2.15957,7.0,0,115398
-9.70609, 2.02071,-2.56658,7.0,0,115453
-9.76834, 1.99198,-2.21703,7.0,0,115516
-9.57202, 2.04944,-2.51391,7.0,0,115576
-9.60075, 1.70467,-2.26013,7.0,0,115632
-9.58160, 2.04465,-2.41814,7.0,0,115688
-9.59596, 1.79565,-2.27928,7.0,0,115744
-9.84975, 2.01592,-2.18351,7.0,0,115799
-9.77792, 1.89621,-2.33674,7.0,0,115856
-9.67257, 1.90100,-2.26970,7.0,0,115911
-9.66300, 2.08774,-2.12605,7.0,0,115969
-9.55287, 1.92973,-2.11169,7.0,0,116029
-9.23683, 1.92973,-2.48997,7.0,0,116091
-9.76834, 1.67115,-1.92973,7.0,0,116148
-9.65821, 2.03028,-2.07817,7.0,0,116204
-10.24718, 1.54665,-1.72861,7.0,0,116259
-9.89284, 1.58975,-2.35111,7.0,0,116319
-9.67736, 1.72383,-2.15957,7.0,0,116375
-9.71088, 2.50433,-2.77249,7.0,1,116438
-9.84975, 1.19710,-1.59454,7.0,1,116551
-10.57279, 1.33596,-4.52983,7.0,1,116606
-9.51935, 2.44687,-4.86023,7.0,1,116662
-10.14184, 1.08218,-3.24654,7.0,1,116717
-11.40119, 0.67516,-4.06057,7.0,1,116774
-10.89841, 0.32082,-8.18338,7.0,1,116830
-11.31021, 4.09408,-7.83862,7.0,1,116886
-11.78905, 1.44610,-7.79073,7.0,1,116963
-10.13226,-0.05746,-7.28795,7.0,1,117019
-9.44752, 0.26815,-7.38851,7.0,1,117075
 3.60567,-0.45969,-4.14197,5.0,1,117697
 3.75411, 0.03352,-3.33273,5.0,1,117753
 2.63841,-0.76614,-1.81480,5.0,1,117816
 1.87705,-3.52905,-3.21781,1.0,1,117872
 1.48441,-2.94966,-5.60722,1.0,1,117929
 0.93853,-1.58017,-6.28239,1.0,1,117985
-0.86191,-1.12527,-7.12993,1.0,1,118042
-1.28329, 0.11013,-9.17458,1.0,1,118099
-2.76770, 5.65510,-12.62702,3.0,1,118162
-4.89375, 4.19943,-11.18092,7.0,1,118227
-6.98149, 3.07894,-12.16733,7.0,1,118282
-8.67180, 1.96803,-7.44118,7.0,1,118338
-8.88249, 0.56982,-6.22014,7.0,1,118407
-9.48104, 1.61848,-6.42604,7.0,1,118463
-8.27915, 1.56102,-12.14339,7.0,1,118518
-10.18493, 5.28161,-7.01022,7.0,1,118574
-9.07881,-0.93853,-3.80678,7.0,1,118631
-8.78193, 4.94163,-8.26000,7.0,1,118686
-9.16979, 2.65278,-4.99909,7.0,1,118752
-10.69729, 2.59053,-2.32238,7.0,1,118811
-9.70609, 3.52426,-4.73094,7.0,1,118866
-9.26556, 2.74376,-4.92727,7.0,1,118923
-10.48660, 2.13084,-3.52426,7.0,1,118981
-9.43316, 2.69108,-3.81157,7.0,0,119037
-10.07001, 2.63362,-2.84431,7.0,0,119096
-10.61110, 2.52349,-2.07817,7.0,0,119152
-10.00776, 2.27928,-3.41892,7.0,0,119208
-9.58638, 2.74854,-2.06380,7.0,0,119264
-9.38527, 3.28963,-2.16436,7.0,0,119319
-9.24641, 2.41814,-2.63841,7.0,0,119375
-9.74440, 2.65756,-1.93451,7.0,0,119430
-9.84017, 2.54743,-2.14520,7.0,0,119486
-9.39006, 2.38941,-2.03986,7.0,0,119544
-9.07881, 2.61447,-2.13084,7.0,0,119601
-9.39964, 2.33674,-2.42293,7.0,0,119657
-9.71088, 2.54743,-2.21703,7.0,0,119714
-9.56723, 2.24097,-1.93930,7.0,0,119770
-9.27514, 2.48997,-2.94966,7.0,0,119828
-9.46189, 2.28407,-2.04465,7.0,0,119885
-9.47146, 2.33674,-2.73897,7.0,0,119940
-9.33739, 2.37505,-2.60010,7.0,0,119996
-9.51456, 2.14520,-2.20267,7.0,0,120056
-9.60554, 2.37984,-2.60489,7.0,0,120111
-9.73482, 2.37505,-2.36547,7.0,0,120168
-9.76834, 2.48039,-2.45645,7.0,0,120226
-9.64863, 2.44209,-2.37984,7.0,0,120284
-9.59117, 2.18830,-2.32716,7.0,0,120339
-9.68215, 2.46603,-2.47560,7.0,1,120408
-9.55765, 1.62806,-2.30801,7.0,1,120466
-9.90242, 0.56024,-2.96402,7.0,1,120522
-9.29429, 3.14598,-7.42203,7.0,1,120578
-11.44428, 2.34153,-4.22816,7.0,1,120634
-11.42034, 1.71425,-3.08852,7.0,1,120689
-9.91678, 2.09732,-8.44196,7.0,1,120746
-12.02847, 1.40300,-6.39731,7.0,1,120802
-11.53048, 2.87304,-8.36055,7.0,1,120858
-11.93749, 2.82995,-8.17859,7.0,1,120914
-10.84095, 0.82361,-7.43639,7.0,1,120969
-8.78193, 0.97205,-8.64786,7.0,1,121031
-7.35499,-1.06781,-6.36379,7.0,1,121087
-6.90967,-1.56102,-7.44118,7.0,1,121146
-4.10845, 0.89543,-9.04529,7.0,1,121210
-2.92093, 3.38540,-8.22169,7.0,1,121265
-1.11570,-0.65122,-6.56969,3.0,1,121320
-0.30646,-1.37427,-7.73806,3.0,1,121376
 2.26013,-0.57461,-9.20810,3.0,1,121431
 2.63841,-2.05422,-7.61835,1.0,1,121513
 3.73495,-0.66080,-4.52504,1.0,1,121569
 4.27126,-0.48842,-2.95923,5.0,1,121624
 4.79798, 0.65601,-3.52426,5.0,1,121680
 2.09732,-1.56581,-0.98162,5.0,1,121738
 1.71904,-3.14119,-4.43885,1.0,1,121797
 0.86191, 0.04310,-5.24809,1.0,1,121853
 0.08619,-1.91057,-4.19943,1.0,1,121908
 0.60813, 0.18196,-7.62314,3.0,1,121967
-1.83875, 2.71024,-8.44196,3.0,1,122025
-5.17626, 4.45322,-8.96868,7.0,1,122080
-5.30555, 3.62961,-10.60631,7.0,1,122135
-6.61757, 3.23696,-8.12592,7.0,1,122191
-9.57681, 0.32082,-6.87615,7.0,1,122246
-8.29351, 2.29843,-12.38760,7.0,1,122301
-10.41478, 4.01268,-12.48337,7.0,1,122360
-10.72124, 2.19788,-5.20978,7.0,1,122416
-10.40520, 1.12049,-6.03818,7.0,1,122475
-9.81623, 4.26647,-7.63750,7.0,1,122533
-10.30464, 3.33752,-5.84664,7.0,1,122590
-9.45231, 2.43730,-3.80199,7.0,1,122646
-10.29986, 1.74777,-4.10366,7.0,1,122702
-9.92157, 2.38462,-4.59687,7.0,1,122757
-10.62068, 1.63285,-2.64320,7.0,1,122813
-9.06924, 2.15957,-1.60412,7.0,0,122872
-9.67736, 2.79643,-1.48441,7.0,0,122928
-9.93594, 1.54665,-2.16436,7.0,0,122999
-9.20331, 2.21224,-0.51236,7.0,0,123055
-9.26077, 5.09965,-1.70946,7.0,0,123112
-8.84418, 1.75734,-0.67516,7.0,0,123167
-9.97424, 1.60890,-1.89142,7.0,0,123222
-10.18493, 2.41336,-0.06704,7.0,0,123281
-10.02692, 2.94966, 0.42138,7.0,0,123337
-9.25119, 3.27048, 1.30723,7.0,0,123397
-8.38928, 3.42850,-0.48363,7.0,0,123453
-8.90643, 2.03507, 1.71425,7.0,0,123512
-8.63828, 0.87628, 0.76136,7.0,0,123567
-9.10754, 2.68629, 0.79966,7.0,0,123624
-8.92080, 2.47560,-0.41659,7.0,0,123679
-8.89207, 1.77171, 0.97205,7.0,0,123735
-10.16099, 2.54264, 0.15323,7.0,0,123795
-8.14986, 1.68073, 0.07183,7.0,0,123851
-10.15620, 2.81079, 0.05746,7.0,0,123908
-8.12592, 2.04944, 0.34477,7.0,0,123964
-10.59195, 2.60968, 0.09098,7.0,0,124020
-9.47625, 1.51792,-0.46926,7.0,0,124078
-10.55364, 2.52349,-0.40223,7.0,0,124253
-10.56322, 1.79086,-0.47884,7.0,0,124312
-10.31901, 3.24175, 0.61292,7.0,0,124372
-9.75398, 2.27449, 0.27294,7.0,0,124430
-10.44830, 4.11803,-0.46448,7.0,0,124488
-10.94150, 3.02148, 0.71826,7.0,0,124546
-11.65019, 2.09732,-0.77093,7.0,0,124601
-9.77313, 3.14598, 0.40701,7.0,0,124656
-9.97903, 2.43730, 0.05746,7.0,0,124715
-10.00776, 2.60489, 0.02394,7.0,0,124772
-10.39084, 3.34709, 0.09577,7.0,0,124833
-10.28070, 2.26970, 0.22984,7.0,0,124897
-9.53850, 3.40455,-0.53151,7.0,0,124954
-10.31901, 1.78607,-0.09098,7.0,0,125009
-9.90721, 3.65834, 0.14844,7.0,0,125067
-10.23761, 2.21224,-0.57940,7.0,0,125125
-9.46667, 2.20745,-0.16281,7.0,0,125182
-9.10754, 2.71502, 0.56503,7.0,0,125244
-10.85531, 2.89220, 1.28808,7.0,0,125307
-8.92558, 2.65756,-0.28730,7.0,0,125366
-10.09874, 1.20668,-0.12450,7.0,0,125422
-9.97424, 3.30879, 0.41659,7.0,0,125482
-10.41478, 2.71024,-0.47884,7.0,0,125537
-10.27112, 2.47082, 0.41180,7.0,0,125599
-9.61990, 3.13640, 0.82839,7.0,0,125655
-10.16578, 3.15556, 1.01993,7.0,0,125715
-10.07480, 4.52504, 2.23618,6.0,0,125770
-9.93115, 1.88184, 0.67038,6.0,0,125826
-10.18493, 4.89854, 1.61369,6.0,0,125881
-10.84573, 3.43329, 1.34075,6.0,0,125943
-10.63026, 2.73418, 0.26815,6.0,0,125998
-10.93192, 3.68228, 1.80523,6.0,0,126062
-11.06121, 3.83551, 1.92494,6.0,0,126136
-11.20486, 3.95043, 2.31280,6.0,0,126198
-9.57681, 5.24809, 1.85311,6.0,0,126254
-8.07325, 5.65510, 2.31759,6.0,0,126312
-8.86333, 4.28083, 2.97839,6.0,0,126367
-8.42759, 4.83629, 4.24253,6.0,0,126423
-6.87136, 3.83551, 3.15556,6.0,0,126480
-6.27760, 4.40533, 4.71179,6.0,0,126535
-4.63996, 2.81079, 2.14042,6.0,0,126592
-3.01669, 3.01191, 1.78129,6.0,0,126648
-3.14598, 5.03740, 0.30167,2.0,0,126703
-3.34231,11.04206, 1.14922,2.0,0,126764
-2.98796,12.88559,-1.76692,2.0,0,126819
-2.77249,16.48168, 6.03818,2.0,0,126878
-6.05733,11.64540, 0.41659,2.0,0,126934
-6.74207, 9.55287, 3.71580,2.0,0,126989
-3.62961, 6.79953, 4.40533,2.0,0,127048
-0.65601, 8.38449, 4.00789,2.0,0,127105
 2.01113, 8.85855, 3.06458,2.0,0,127160
 3.60567, 7.93438, 4.68306,2.0,0,127216
 6.13873, 7.63750, 1.63763,2.0,0,127278
 6.44998, 9.76355, 0.30167,2.0,0,127336
 4.23774, 8.90643, 0.79966,2.0,0,127392
 3.27527, 7.65187, 1.47962,2.0,0,127450
 2.14999, 7.51300, 0.71347,2.0,0,127507
 1.41737, 9.26077, 0.52672,2.0,0,127562
 1.78129, 7.69018,-1.25456,2.0,0,127618
-2.14520, 9.61990,-4.07014,3.0,0,128348
-3.15077, 8.69574,-4.44364,3.0,0,128403
-2.24576,10.22324,-4.80756,3.0,0,128459
-1.84354, 9.39964,-3.95043,3.0,0,128518
-2.27928, 8.91601,-4.08451,3.0,0,128573
-1.96325, 8.87291,-4.07493,3.0,0,128630
-1.52271, 8.91601,-4.46279,3.0,0,128687
-1.62806, 7.69018,-4.90811,3.0,0,128744
-2.00634, 8.79630,-4.44843,3.0,0,128799
-1.92494, 8.92080,-3.85945,3.0,0,128854
-1.86748, 8.96868,-3.96959,3.0,0,128913
-1.91536, 8.66701,-3.59609,3.0,0,128969
-1.85311, 9.31344,-4.62560,3.0,0,129029
-1.80044, 9.18895,-4.15633,3.0,0,129084
-1.67115, 9.37569,-4.19943,3.0,0,129141
-1.43652, 8.75799,-4.06535,3.0,0,129199
-1.75734, 9.14106,-4.14676,3.0,0,129255
-2.14042, 9.09318,-3.73974,3.0,0,129310
-1.78607, 9.06924,-4.09408,3.0,0,129366
-1.85790, 9.11712,-4.08451,3.0,0,129429
-1.71425, 9.32781,-4.09408,3.0,0,129484
-1.58496, 9.31823,-3.86903,3.0,0,129541
-1.67115, 9.03572,-3.63440,3.0,0,129596
-1.87705, 9.29908,-3.75890,3.0,0,129653
-1.76213, 8.96868,-3.59130,3.0,0,129717
-1.85790, 9.23683,-3.92170,3.0,0,129773
-1.96325, 9.73482,-3.84030,3.0,0,130555
-2.27449, 9.13627,-4.12760,3.0,0,130612
-1.42694, 8.83460,-3.98874,3.0,0,130675
-1.15879, 8.21211,-4.72137,3.0,0,130735
-1.58496, 8.66701,-5.24330,3.0,0,130792
-1.33118, 7.68060,-5.06613,3.0,0,130848
-1.24977, 8.44196,-5.34386,3.0,0,130903
-1.33118, 8.70532,-5.09965,3.0,0,130962
-1.25935, 8.54730,-5.0565