-0.97205, 8.17859,-5.75087,3.0,0,537597
-1.06781, 8.07325,-5.83228,3.0,0,537653
-1.11091, 8.22648,-5.80833,3.0,0,538532
-1.01035, 8.18817,-5.84664,3.0,0,538588
-1.03908, 8.19775,-5.78439,3.0,0,538645
-1.07260, 8.16902,-5.76045,3.0,0,538701
-1.07260, 8.11156,-5.72693,3.0,0,538757
-1.08697, 8.26478,-5.77960,3.0,0,538812
-1.04387, 8.14986,-5.78918,3.0,0,538869
-1.03908, 8.33182,-5.88495,3.0,0,538925
-1.16358, 8.14986,-5.82270,3.0,0,538981
-0.97683, 8.18338,-5.87537,3.0,0,539037
-0.98162, 8.22648,-5.68384,3.0,0,539094
-1.07739, 8.16423,-5.63116,3.0,0,539150
-1.00078, 8.17380,-5.82270,3.0,0,539205
-1.02951, 8.23605,-5.78439,3.0,0,539264
-1.00556, 8.10677,-6.11479,3.0,0,539325
-1.01514, 8.02058,-5.55455,3.0,0,539380
-1.01514, 8.28394,-6.01423,3.0,0,539437
-1.05345, 8.35576,-5.90889,3.0,0,539493
-0.92416, 8.07325,-5.55455,3.0,0,539548
-0.96247, 8.17380,-5.99508,3.0,0,539607
-1.08218, 8.08761,-5.78439,3.0,0,539666
-1.04387, 8.14029,-5.90410,3.0,0,539721
-0.99599, 8.19296,-5.75087,3.0,0,539780
-1.07260, 8.17859,-5.83706,3.0,0,539836
-0.92895, 8.15944,-5.87537,3.0,0,539892
-1.04387, 8.32224,-5.87537,3.0,0,540006
-0.99120, 8.08282,-5.84185,3.0,0,540070
-1.01993, 8.16423,-5.80354,3.0,0,540125
-0.94810, 8.08761,-5.94720,3.0,0,540180
-1.04387, 8.10198,-5.73651,3.0,0,540236
-1.01035, 8.27915,-5.93283,3.0,0,540292
-1.01035, 8.03494,-5.76045,3.0,0,540349
-1.03908, 8.10198,-5.79876,3.0,0,540444
-0.98162, 8.18817,-5.82270,3.0,0,540504
-1.16837, 8.16423,-5.98072,3.0,0,540559
-1.26893, 8.26000,-6.01902,3.0,0,540615
-1.52271, 8.12592,-5.91847,3.0,0,540670
-1.20668, 7.98227,-5.98072,3.0,0,540727
-0.70868, 8.12113,-5.99508,3.0,0,540785
-0.46448, 7.79073,-5.62637,3.0,0,540840
-0.74220, 8.73884,-5.60722,3.0,0,540957
-1.12049, 7.73806,-5.20021,3.0,0,541015
-1.00078, 7.79073,-5.60243,3.0,0,541074
-0.43096, 7.74764,-5.67426,3.0,0,541134
-0.60334, 8.93516,-5.99029,3.0,0,541200
-0.73263, 7.65666,-5.98550,3.0,0,541256
-1.47962, 8.73405,-4.99430,3.0,0,541315
-2.29365, 8.80109,-4.76925,3.0,0,541377
-2.31759, 8.39886,-4.95121,3.0,0,541432
-2.71502, 8.24563,-5.76524,3.0,0,541488
-3.15556, 8.46590,-5.33907,3.0,0,541544
-4.09887, 7.75243,-4.21858,3.0,0,541606
-4.59208, 7.95354,-3.94564,3.0,0,541661
-4.70221, 8.72926,-3.69186,3.0,0,541717
-4.70221, 8.33661,-3.66792,3.0,0,541772
-5.46357, 8.46590,-3.10289,3.0,0,541828
-5.97114, 8.18817,-3.97437,3.0,0,541886
-6.50744, 8.72926,-1.92015,3.0,0,541942
-6.85699, 8.49463,-4.28083,3.0,0,541997
-5.89931, 6.59842,-3.32315,3.0,0,542053
-4.66869, 5.69341,-2.96402,3.0,0,542110
-6.11000, 7.15387,-3.42371,3.0,0,542167
-7.07247, 7.33105,-2.25055,3.0,0,542224
-7.20176, 6.38773,-3.07894,3.0,0,542304
-7.63272, 5.90410,-3.07416,3.0,0,542362
-6.82826, 6.30633,-2.36547,3.0,0,542425
-8.19296, 6.20577,-2.64799,3.0,0,542482
-7.78116, 6.22014,-2.14999,3.0,0,542541
-7.76679, 5.99508,-2.54743,3.0,0,542610
-8.04931, 6.17704,-2.73418,3.0,0,542666
-8.26000, 5.99987,-2.60010,3.0,0,542721
-8.12113, 5.18105,-3.06937,3.0,0,542777
-7.30710, 5.60722,-1.44131,3.0,0,542835
-8.27436, 5.42526,-2.71024,3.0,0,542893
-8.92080, 5.66947,-2.55222,7.0,0,542949
-8.19775, 5.78439,-1.85790,7.0,0,543012
-8.51378, 5.43005,-2.75812,7.0,0,543068
-8.61913, 3.50990,-2.51870,7.0,0,543123
-9.27514, 3.63919,-2.56180,7.0,0,543181
-9.29429, 4.36224,-2.57137,7.0,0,543244
-8.89207, 4.09887,-1.69031,7.0,0,543299
-9.51935, 5.03740,-1.17795,7.0,0,543355
-10.27112, 4.44364,-1.12527,7.0,0,543411
-10.41478, 5.77960,-0.16759,7.0,0,543466
-10.86489, 4.18028,-0.15323,7.0,0,543523
-10.98460, 4.53462,-0.46926,7.0,0,543578
-11.76032, 3.36146, 0.20111,7.0,0,543634
-12.65575, 3.33273,-1.64242,7.0,0,543690
-10.59674, 1.45089, 1.01514,7.0,0,543745
-10.97502, 1.36469,-1.07739,7.0,0,543801
-9.60554, 1.69509, 0.00958,7.0,0,543860
-8.60955, 1.45567,-0.23942,7.0,0,543918
-7.57525, 2.37505,-1.07739,7.0,0,543976
-6.50744, 2.28407,-0.90501,7.0,0,544036
-6.90488, 3.72538,-2.22182,7.0,0,544093
-7.28795, 4.41012,-1.82438,7.0,0,544149
-7.87692, 5.06613,-2.27449,7.0,0,544204
-9.98861, 5.10923,-1.07739,7.0,0,544260
-9.75398, 4.87938,-0.63686,7.0,0,544315
-9.39485, 4.44364,-0.13886,7.0,0,544372
-8.29830, 3.75411,-0.10056,7.0,0,544429
-9.30866, 3.60567, 0.28252,7.0,0,544486
-9.61511, 3.54342, 0.87628,7.0,0,544542
-9.39006, 4.37181, 0.33040,7.0,0,544609
-8.49463, 4.84586,-0.00479,7.0,0,544666
-8.18817, 4.71658,-0.43574,7.0,0,544724
-8.01100, 4.86023,-0.68953,7.0,0,544781
-7.87214, 4.70221,-0.48842,7.0,0,544838
-8.13071, 5.12359,-0.57461,7.0,0,544895
-8.43238, 5.51624,-0.56024,7.0,0,544950
-9.99340, 5.17148,-0.44053,7.0,0,545005
-10.67814, 5.99987,-0.37828,7.0,0,545061
-8.83939, 5.69341,-1.52750,7.0,0,545117
-7.61356, 3.83551,-0.91937,7.0,0,545172
-8.09719, 4.29520,-0.19632,7.0,0,545228
-8.57124, 4.66391,-1.23541,7.0,0,545284
-6.93840, 3.49553,-0.79487,7.0,0,545340
-6.87136, 4.09887,-1.74777,7.0,0,545395
-6.07170, 4.09887,-0.80445,7.0,0,545452
-6.49786, 4.11803,-1.32639,7.0,0,545511
-5.72693, 3.63440,-0.83797,7.0,0,545570
-8.59040, 2.50912,-1.05345,7.0,0,545625
-10.17057, 4.39097,-0.54109,7.0,0,545682
-9.35175, 5.73172,-1.04387,7.0,0,545738
-10.05086, 1.77171,-2.39899,7.0,0,545793
-10.82658, 1.33596,-2.29365,7.0,0,545852
-8.86812,-0.00479,-0.68474,7.0,0,545907
-9.02614, 3.33752,-0.66559,7.0,0,545963
-9.75398, 3.93128,-1.86269,7.0,0,546020
-10.73560, 2.69108,-2.52828,7.0,0,546082
-11.88482, 1.91536,-3.96001,7.0,0,546137
-11.41077, 3.13162,-3.82115,7.0,0,546192
-10.45308, 3.45244,-4.48195,7.0,0,546248
-11.85609, 4.56335,-4.16112,7.0,0,546303
-8.46111, 0.98162,-3.32315,7.0,0,546360
-10.42435, 0.31603,-3.02148,7.0,0,546420
-10.21845,-0.09577,-2.36068,7.0,0,546476
-11.09473, 5.68862,-2.71024,7.0,0,546535
-11.12346, 1.63763,-0.47405,7.0,0,546593
-9.56723, 3.31836,-2.41814,7.0,0,546648
-8.79151, 0.96247,-2.01113,7.0,0,546704
-9.91678, 3.09810,-2.60968,7.0,0,546761
-9.92636, 0.88107, 0.15323,7.0,0,546816
-6.44040,-0.84755,-3.17471,7.0,0,546873
-11.37725,-0.61770,-2.67672,7.0,0,546931
-11.62624, 1.10133,-1.93451,7.0,0,546988
-14.70040, 2.22182,-0.53630,7.0,0,547044
-14.17367, 3.70622,-1.26893,7.0,0,547099
-15.17924, 4.06535,-0.88585,7.0,0,547156
-13.15853, 5.42526,-1.07260,7.0,0,547212
-10.36689, 5.78918,-0.19154,7.0,0,547267
-10.22803, 5.48751, 0.63686,7.0,0,547325
-9.85453, 5.39653,-4.14676,7.0,0,547384
-7.48906, 5.56412,-0.50278,7.0,0,547444
-5.88495, 3.73495,-1.53229,7.0,0,547501
-6.19619, 4.46758,-2.50433,7.0,0,547559
-4.52504, 6.37815,-3.61524,7.0,0,547620
-4.42448, 6.52181,-4.40533,7.0,0,547676
-3.34231, 5.00867,-5.24330,3.0,0,547736
-1.50356, 5.19063,-6.09085,3.0,0,547792
-1.30723, 6.08127,-5.28640,3.0,0,547855
-0.97683, 8.82503,-6.91445,3.0,0,547910
 1.12049, 7.64708,-6.05254,3.0,0,547969
 2.44209, 9.80665,-5.09965,3.0,0,548029
 3.94564, 6.95276,-4.45800,3.0,0,548084
 6.47871, 5.59285,-4.69742,3.0,0,548142
 7.15387, 3.90255,-4.89375,5.0,0,548200
 6.69898,-1.98240,-1.70467,5.0,0,548831
 6.66546,-5.18584, 0.15323,5.0,0,548902
 7.57047,-6.25844, 2.33674,5.0,0,548961
 7.38372,-7.46033, 0.95289,4.0,0,549016
 5.54018,-6.15310, 2.61926,4.0,0,549074
 5.45878,-6.44040, 1.22583,0.0,0,549131
 5.83706,-5.16669, 2.66235,0.0,0,549191
 4.54898,-5.78918, 0.47884,0.0,0,549249
 5.39653,-6.54096, 1.42216,0.0,0,549304
 6.15310,-7.71891, 1.79565,0.0,0,549360
 6.76123,-6.89530, 1.87705,0.0,0,549422
 5.72214,-8.11156, 1.99676,0.0,0,549478
 5.46357,-4.41012, 0.79009,0.0,0,549538
 4.58729,-9.37091, 2.57137,0.0,0,549596
 4.29999,-9.03093, 2.17394,0.0,0,549653
 4.01268,-8.17380, 1.58017,0.0,0,549709
 4.04141,-7.83862, 1.80523,0.0,0,549764
 4.12760,-9.37091, 2.67672,0.0,0,549822
 4.12282,-9.64384, 3.26569,0.0,0,549877
 4.25210,-9.28950, 1.82438,0.0,0,549935
 4.66869,-10.25197, 0.77093,0.0,0,549990
 4.17549,-8.51378,-0.58419,0.0,0,550045
 3.69665,-7.80989, 1.58975,0.0,0,550106
 3.59130,-9.01178, 1.48441,0.0,0,550187
 3.70144,-7.94396, 1.38864,0.0,0,550242
 3.39977,-7.62793, 1.79086,0.0,0,550301
 3.17950,-7.65187, 3.61046,0.0,0,550378
 4.01268,-9.86890, 1.53708,0.0,0,550434
 4.35266,-9.12670, 1.45089,0.0,0,550495
 4.57293,-10.98939, 3.09810,0.0,0,550554
 2.75333,-8.15944, 1.59454,0.0,0,550609
 3.70622,-7.58004,-0.50757,0.0,0,550670
 4.94642,-6.93361, 2.50433,0.0,0,550728
 4.11803,-8.62870, 2.40378,0.0,0,550787
 5.72693,-6.35900, 0.98641,0.0,0,550842
 5.24330,-6.85699, 3.96959,0.0,0,550898
 4.89854,-8.87770, 1.14443,0.0,0,550955
 4.56335,-7.90087,-2.94487,1.0,0,551017
 4.08930,-7.91044, 2.96881,0.0,0,551076
 4.72137,-6.32069,-1.69031,0.0,0,551132
 4.52025,-8.83939, 3.05021,0.0,0,551187
 3.01191,-7.62793,-0.30646,0.0,0,551245
 3.47159,-9.27514, 1.64721,0.0,0,551300
 3.98395,-8.73884, 2.07338,0.0,0,551356
 5.27203,-7.56568, 1.60890,0.0,0,551411
 4.32393,-7.68060, 1.90578,0.0,0,551471
 4.80277,-7.91044, 2.14520,0.0,0,551530
 4.86502,-8.33182, 2.20267,0.0,0,551588
 4.70221,-8.39886, 2.04465,0.0,0,551657
 4.40054,-8.51378, 1.75734,0.0,0,551717
 3.58173,-8.96389, 2.40378,0.0,0,551773
 3.11725,-9.52413, 2.10690,0.0,0,551832
 3.14598,-8.97347, 2.27449,0.0,0,551889
 2.97360,-8.72926, 2.66235,0.0,0,551953
 2.63362,-8.21690, 3.18429,0.0,0,552008
 3.21781,-8.44196, 1.75256,0.0,0,552076
 3.49075,-8.87770, 2.92093,0.0,0,552137
 2.61926,-8.27436, 3.23217,0.0,0,552272
 2.19309,-8.64786, 2.94008,0.0,0,552416
 1.38385,-8.83939, 3.83551,0.0,0,552474
 1.64721,-9.08839, 3.37582,0.0,0,552534
 1.61369,-9.30866, 2.95923,0.0,0,552591
 1.63285,-8.93037, 3.07894,0.0,0,552646
 1.56102,-9.06924, 2.62883,0.0,0,552703
 1.28329,-9.16979, 2.81079,0.0,0,552758
 1.42694,-8.29351, 2.32716,0.0,0,552815
 1.37427,-9.03572, 3.15556,0.0,0,552871
 1.26893,-9.07402, 2.71981,0.0,0,552928
 0.79009,-9.04529, 2.81079,0.0,0,552986
 0.77093,-9.14585, 2.40378,0.0,0,553045
 0.59855,-8.77714, 2.96402,0.0,0,553101
 1.20189,-8.82024, 2.78685,0.0,0,553184
 1.00078,-9.86890, 3.25133,0.0,0,553240
 0.35434,-9.52892, 3.33273,0.0,1,553296
 0.33040,-8.95431, 2.79164,0.0,1,553352
 0.59376,-8.30788, 3.35188,0.0,1,553408
 0.91459,-8.97347, 1.96803,0.0,1,553463
 1.18752,-9.38527, 3.91213,0.0,1,553520
 1.26414,-8.87291, 3.62003,0.0,0,553576
 1.01514,-8.42280, 2.79164,0.0,0,553635
 0.58897,-8.61434, 2.95444,0.0,0,553693
 0.89543,-8.78193, 2.08296,0.0,0,553748
 0.97683,-9.36133, 2.14520,0.0,0,553804
 1.01514,-9.47146, 1.53708,0.0,0,553859
-0.06704,-10.48660, 2.40857,0.0,0,553914
 0.41659,-9.66779, 2.54264,0.0,0,553979
 0.62249,-9.39006, 2.58574,0.0,0,554035
 0.96247,-8.78672, 2.74854,0.0,0,554101
 1.02951,-9.24641, 2.29365,0.0,0,554158
 0.67038,-9.55287, 2.54264,0.0,0,554218
 0.66559,-8.80109, 2.80600,0.0,0,554277
 1.17316,-9.17937, 2.00634,0.0,0,554332
 1.30723,-8.90643, 2.69587,0.0,0,554388
 1.43173,-8.90164, 2.39899,0.0,0,554443
 1.19710,-8.92080, 2.79643,0.0,0,554498
 1.21147,-8.59997, 2.41814,0.0,0,554555
 1.01993,-9.00220, 3.05500,0.0,0,554614
 0.83797,-9.80665, 3.18429,0.0,0,554671
 0.70390,-9.28471, 3.11725,0.0,0,554727
 0.48363,-9.33739, 2.62405,0.0,0,554787
 0.16281,-8.93995, 2.53785,0.0,0,554844
 0.78051,-9.13627, 2.33674,0.0,0,554900
 0.87628,-9.05487, 1.92494,0.0,0,554960
 0.43096,-8.52336, 1.90100,0.0,0,555021
 0.55067,-9.14106, 2.19309,0.0,0,555078
 1.34075,-10.34295, 1.13485,0.0,0,555135
 0.82839,-9.46189, 1.86269,0.0,0,555197
 0.66080,-8.86333, 1.93930,0.0,0,555265
 1.28329,-8.59997, 2.89698,0.0,0,555929
 1.58496,-8.91122, 2.71024,0.0,0,555989
 1.86748,-9.03572, 2.44687,0.0,0,556045
 1.99676,-8.70053, 2.17394,0.0,0,556102
 2.27928,-8.29830, 1.90100,0.0,0,556163
 2.31759,-8.35576, 1.94888,0.0,0,556220
 2.12126,-8.26478, 2.22661,0.0,0,556275
 2.45645,-7.79073, 2.52828,0.0,0,556333
 2.54264,-9.20810, 2.22182,0.0,0,556389
 2.15957,-9.64863, 2.61447,0.0,0,556446
 2.52828,-9.16022, 2.54743,0.0,0,556501
 2.25534,-9.40921, 2.67672,0.0,0,556557
 2.65756,-9.31344, 3.17950,0.0,0,556612
 2.94008,-9.85453, 2.15478,0.0,0,556673
 3.05021,-10.02692, 2.55701,0.0,0,556728
 2.72939,-9.03572, 3.01191,0.0,0,556786
 2.62883,-8.98783, 0.96726,0.0,0,556841
 2.37026,-8.41323, 3.66313,0.0,0,556897
 2.41336,-9.23683, 1.85790,0.0,0,556953
 2.57616,-8.73405, 3.03585,0.0,0,557010
 2.59531,-7.51300, 3.40455,0.0,0,557069
 1.95367,-8.99741, 2.36547,0.0,0,557126
 1.68073,-8.07325, 2.73418,0.0,0,557183
 1.84832,-8.05409, 2.91135,0.0,0,557242
 2.54264,-8.34140, 3.09331,0.0,0,557298
 3.01669,-8.86333, 2.39420,0.0,0,557356
 2.01113,-10.24239, 2.17394,0.0,0,557433
 2.27928,-9.58638, 3.37582,0.0,0,557520
 3.03585,-9.36612, 3.29442,0.0,0,557594
 3.49553,-9.65342, 3.24175,0.0,0,557654
 3.15077,-9.22725, 3.51948,0.0,0,557709
 3.04064,-7.31668, 2.70545,0.0,0,557766
 2.98318,-7.27837, 3.72538,0.0,0,557821
 3.52905,-9.47146, 2.47560,0.0,0,557876
 3.19865,-8.41801, 3.25611,0.0,0,557932
 3.96480,-8.33661, 3.28006,0.0,0,558748
 3.01669,-7.43639, 4.19464,0.0,0,558810
 2.64320,-7.76200, 4.02705,0.0,0,558865
 3.16513,-7.72848, 3.52426,0.0,0,558922
 3.22260,-8.79151, 3.22738,0.0,0,558977
 3.00712,-8.21211, 2.35589,0.0,0,559033
 2.65278,-7.47470, 3.34709,0.0,0,559088
 2.44209,-8.35576, 3.05500,0.0,0,559148
 3.36146,-8.59997, 2.98796,0.0,0,559207
 3.40934,-8.15944, 3.05500,0.0,0,559264
 3.78284,-8.57603, 2.71502,0.0,0,559323
 3.62482,-8.07804, 2.67672,0.0,0,559378
 3.14119,-7.45554, 3.28963,0.0,0,559439
 3.06937,-8.48026, 3.06458,0.0,0,559497
 3.50032,-8.69095, 3.04542,0.0,0,559553
 3.43807,-9.07402, 2.94487,0.0,0,559609
 3.25611,-8.50899, 2.86825,0.0,0,559664
 3.51469,-8.32224, 2.80600,0.0,0,559719
 3.41892,-8.24084, 3.50032,0.0,0,559775
 3.20344,-8.67659, 3.49075,0.0,0,559834
 2.96402,-8.48505, 3.32315,0.0,0,559889
 2.71502,-8.80109, 2.92571,0.0,0,559951
 2.58574,-8.48984, 3.06937,0.0,0,560013
 2.62883,-8.40844, 3.10289,0.0,1,560072
 2.87783,-8.92558, 3.17950,0.0,1,560128
 2.77727,-8.52336, 3.09331,0.0,1,560183
 2.48518,-8.37013, 3.12683,0.0,1,560243
 2.70066,-8.12592, 2.96402,0.0,1,560302
 2.94487,-8.45632, 2.94966,0.0,1,560358
 2.96402,-8.81545, 2.82037,0.0,1,560419
 2.63362,-8.80109, 3.40934,0.0,1,560474
 2.90177,-9.05487, 2.64320,0.0,1,560532
 3.46680,-9.67736, 3.51469,0.0,1,560588
 3.33752,-9.61033, 4.04141,0.0,1,560653
 3.20344,-9.68215, 4.13239,0.0,1,560709
 3.69186,-9.75398, 3.49553,0.0,1,560766
 3.55778,-8.47547, 3.44765,0.0,1,560826
 3.95522,-7.05332, 3.49553,0.0,1,560881
 5.19542,-7.63750, 2.82516,0.0,1,560937
 5.79876,-7.26401, 2.24097,0.0,1,560993
 5.35822,-7.70454, 2.06380,0.0,1,561050
 5.46836,-6.65109, 1.47004,0.0,1,561106
 7.06289,-6.07170, 1.87227,0.0,1,561176
 7.68539,-4.64954, 0.43574,4.0,1,561242
 7.40766,-3.32315, 0.93853,4.0,1,561299
 7.88650,-4.32872, 0.94810,4.0,1,561355
 7.71891,-3.51469, 0.76614,4.0,1,561410
 7.90087,-3.12683, 1.43173,4.0,1,561472
 7.71891,-1.91057, 1.73340,4.0,1,561528
 8.73884,-1.32160, 1.20668,4.0,1,561596
10.49618,-1.56581, 0.08140,4.0,1,561662
 8.98304,-2.10211, 2.07338,4.0,1,561718
 8.55688,-1.03430, 2.68151,4.0,1,561787
10.10832,-3.13640,-0.01915,4.0,1,561842
 7.64229,-3.01669, 2.49955,4.0,1,561898
 7.26401,-3.19865, 2.40857,4.0,1,561955
 7.71412,-5.15232, 2.92093,4.0,1,562011
 7.67581,-4.76925, 3.36625,4.0,1,562067
 7.09163,-6.44040, 3.68228,4.0,1,562123
 6.83784,-5.24330, 3.47638,4.0,1,562178
 6.31590,-5.58807, 3.20823,4.0,1,562240
 6.11000,-8.91601, 4.00311,4.0,1,562295
 6.04296,-8.29830, 3.50990,4.0,1,562352
 4.99909,-7.79552, 3.49553,4.0,1,562408
 5.43963,-7.66145, 3.07416,0.0,1,562472
 4.32872,-7.66623, 4.30477,0.0,1,562527
 3.80678,-8.25521, 3.73974,0.0,1,562584
 3.73017,-8.64307, 4.29520,0.0,1,562640
 3.11725,-7.92481, 3.71580,0.0,1,562703
 2.63362,-8.36055, 3.62003,0.0,1,562759
 2.14042,-8.11156, 4.18506,0.0,1,562816
 1.44610,-9.33739, 4.41970,0.0,1,562874
 1.42694,-8.89685, 3.94564,0.0,1,562930
 1.65200,-8.88728, 3.83072,0.0,1,562985
 0.94332,-8.59997, 3.87861,0.0,1,563042
 0.12929,-8.62870, 3.62003,0.0,1,563097
-0.14844,-7.97748, 4.24731,0.0,1,563157
 0.73263,-9.05008, 3.85466,0.0,1,563219
 0.38786,-10.08438, 3.44765,0.0,1,563276
 0.36871,-9.54808, 3.20823,0.0,1,563331
-0.06225,-8.54251, 4.09887,0.0,1,563388
 0.12929,-10.06522, 3.50990,0.0,1,563443
 0.10056,-9.93594, 3.10289,0.0,1,563500
 0.49321,-7.69496, 3.45244,0.0,1,563555
 0.39744,-9.27035, 3.53384,0.0,0,563611
-0.33519,-8.65265, 3.80678,0.0,0,563666
-0.07661,-8.47069, 2.59053,0.0,0,563726
 0.70390,-8.16902, 2.72939,0.0,0,563781
 0.41659,-9.98382, 2.76770,0.0,0,563840
 0.21069,-7.80989, 2.88262,0.0,0,563901
-0.21548,-8.49463, 2.84431,0.0,0,563957
-0.06225,-9.01178, 3.07416,0.0,0,564015
 0.06704,-9.40921, 3.61524,0.0,0,564071
-0.69911,-8.76278, 3.28963,0.0,0,564126
-0.39265,-8.68616, 3.70622,0.0,0,564183
-0.40701,-8.59997, 3.95043,0.0,0,564240
-0.28730,-8.81066, 3.55778,0.0,0,564295
-0.17238,-8.68616, 3.41413,0.0,0,564352
-0.33040,-9.58638, 3.33273,0.0,0,564411
-0.59855,-8.67659, 3.22738,0.0,0,564467
-0.79009,-8.64786, 3.13162,0.0,1,564522
-0.33040,-9.54808, 3.13162,0.0,1,564577
-1.12527,-9.23683, 3.70622,0.0,1,564633
-1.46046,-8.86333, 3.79720,0.0,1,564689
-1.13006,-8.34140, 3.91213,0.0,1,564749
-0.59376,-8.63828, 3.49075,0.0,1,564806
-0.66080,-9.57681, 3.68228,0.0,1,564862
-0.58897,-9.11712, 3.28963,0.0,1,564917
-0.85712,-10.11311, 3.42371,0.0,1,564975
-1.43173,-10.56801, 4.42448,0.0,1,565030
-0.73741,-10.14663, 5.29119,0.0,1,565086
 1.19231,-11.62624, 4.02705,0.0,1,565142
 1.82438,-10.31901, 3.25611,0.0,1,565198
 2.43251,-9.60075, 3.13640,0.0,1,565260
 3.18908,-8.45153, 2.54743,0.0,1,565315
 3.89297,-7.45076, 2.88262,0.0,1,565378
 4.47716,-6.99107, 2.40378,0.0,1,565439
 4.30956,-4.89375, 1.81002,0.0,1,565494
 5.13796,-7.61835, 2.09732,0.0,1,565550
 5.98072,-4.52025, 2.22661,4.0,1,565605
 7.41245,-5.34386, 1.58975,4.0,1,565682
 5.88016,-4.50110, 2.48039,4.0,1,565745
 8.11156,-2.90177, 1.95367,4.0,1,565802
 8.36055,-1.57060, 1.48919,4.0,1,565858
10.24239,-1.69031, 0.94810,4.0,1,565914
 9.27514,-0.81403, 1.04866,4.0,1,565977
 9.07402,-0.75178, 1.78607,4.0,1,566032
 8.73405,-0.47405, 2.41814,4.0,1,566089
 8.40844,-0.99120, 1.80523,4.0,1,566154
 7.63272,-1.98719, 1.66636,4.0,1,566209
 6.96234,-2.48039, 2.28407,4.0,1,566266
 7.39808,-3.35188, 1.15401,4.0,1,566322
 8.12113,-7.75243, 2.08774,4.0,1,566377
 6.27281,-6.85221, 2.04944,4.0,1,566435
 5.16190,-6.44040, 2.32238,4.0,1,566491
 4.75488,-6.22971, 3.96480,0.0,1,566549
 3.93607,-10.57758, 2.92093,0.0,1,566604
 2.28407,-10.59195, 2.93529,0.0,1,566667
 1.83396,-7.45076, 3.95522,0.0,1,566729
 2.91614,-9.26077, 4.02226,0.0,1,566784
 2.29843,-9.69173, 4.53941,0.0,1,566839
 1.02951,-7.89129, 4.94163,0.0,1,566901
 1.35991,-8.26957, 5.09486,0.0,1,566958
 1.82917,-9.55287, 4.37181,0.0,1,567014
 0.80924,-9.49062, 4.00311,0.0,1,567076
-0.24421,-9.07402, 4.04620,0.0,1,567131
-0.34477,-9.02135, 3.95043,0.0,1,567187
-0.12929,-9.03093, 3.95043,0.0,1,567244
-0.40701,-9.93594, 3.37104,0.0,1,567308
-0.68953,-10.30464, 3.96480,0.0,1,567363
-0.71826,-8.97826, 4.37181,0.0,1,567418
-0.17717,-9.22725, 3.35667,0.0,0,567473
-0.42138,-7.98227, 3.84509,0.0,0,567529
-0.39744,-8.08282, 3.36625,0.0,0,567589
-1.29287,-9.12670, 3.67749,0.0,0,567644
-0.58419,-8.75799, 3.71580,0.0,0,567701
-0.60334,-8.68616, 3.72059,0.0,0,567757
-0.72305,-8.88728, 3.48596,0.0,0,567813
-0.56503,-8.85376, 3.62003,0.0,0,567870
-0.36392,-9.27514, 3.78763,0.0,0,567925
-0.73741,-9.03572, 4.15633,0.0,0,567981
-1.04866,-8.72926, 4.09887,0.0,0,568057
-1.07260,-8.98304, 4.22816,0.0,0,568115
-1.06781,-8.63828, 4.05099,0.0,0,568172
-1.03430,-8.66701, 4.17070,0.0,0,568230
-0.98162,-8.45632, 3.75890,0.0,0,568291
-1.04866,-8.39407, 3.42850,0.0,0,568349
-0.82361,-8.80587, 3.61524,0.0,0,568406
-0.84755,-9.06445, 3.62482,0.0,1,568461
-0.84276,-9.09797, 3.63919,0.0,1,568521
-0.76136,-9.43794, 3.78763,0.0,1,568578
-0.97683,-9.08839, 3.61046,0.0,1,568640
-0.87628,-9.31344, 2.86347,0.0,1,568696
-0.64643,-10.73081, 3.65834,0.0,1,568753
-0.77093,-10.76912, 4.93206,0.0,1,568809
 0.42138,-10.74518, 4.23295,0.0,1,568867
 0.84276,-10.23282, 3.60567,0.0,1,568923
 2.60489,-9.94551, 2.48997,0.0,1,568979
 2.76770,-9.49540, 1.86269,0.0,1,569036
 3.12683,-8.61434, 2.41336,0.0,1,569097
 4.10366,-8.47547, 1.89621,0.0,1,569152
 4.36224,-7.88171, 1.76213,0.0,1,569207
 5.07092,-5.76524, 1.49398,0.0,1,569270
 5.61201,-6.22014, 0.98162,4.0,1,569331
 5.00388,-4.01268, 1.83875,4.0,1,569389
 6.46434,-2.86347, 2.41814,4.0,1,569463
 9.42358,-4.25689, 1.17316,4.0,1,569522
 8.31267,-1.68073, 1.64721,4.0,1,569579
 8.99741,-1.84832, 0.29688,4.0,1,569635
 8.84418,-1.02472, 0.12929,4.0,1,569691
 7.36456, 0.57940, 0.51715,4.0,1,569747
10.52491, 1.01035,-0.54588,5.0,1,569803
10.74518,-0.60813,-0.19154,5.0,1,569858
 9.42358,-0.09098,-0.37828,5.0,1,569919
 9.24162,-0.38786,-0.25379,5.0,1,569975
 7.86735,-0.61292, 0.50278,5.0,1,570032
 9.48583,-1.30723, 0.52194,5.0,1,570090
 8.12592,-3.30879,-0.48363,5.0,1,570148
 7.49864,-4.22337, 0.00000,5.0,1,570203
 5.98550,-3.83072, 1.60412,5.0,1,570261
 6.38773,-5.07092, 2.69587,4.0,1,570320
 6.44519,-5.80354, 2.46603,4.0,1,570381
 4.80756,-4.41491, 3.65355,0.0,1,570439
 4.94163,-7.53216, 3.50032,0.0,1,570500
 4.13239,-8.35098, 4.26647,0.0,1,570557
 3.45244,-8.43717, 4.59687,0.0,1,570617
 2.50433,-8.22648, 4.50110,0.0,1,570673
 2.52828,-10.78348, 3.68228,0.0,1,570731
 1.48919,-9.99340, 3.77326,0.0,1,570792
 1.87227,-10.67814, 3.64876,0.0,1,570855
 0.92895,-10.07480, 3.71101,0.0,1,570911
-0.01437,-10.13226, 3.81636,0.0,1,570969
-0.95768,-8.21211, 3.40455,0.0,1,571024
-0.66559,-8.54251, 3.34231,0.0,1,571083
 0.05746,-8.97826, 3.76847,0.0,1,571139
-0.62728,-9.39006, 3.73017,0.0,1,571200
-1.06303,-8.04931, 3.61046,0.0,1,571258
-0.63207,-8.18817, 3.55778,0.0,1,571316
-0.57940,-10.18493, 3.66792,0.0,1,571376
-0.76136,-10.28070, 3.08852,0.0,1,571432
-0.41180,-9.58638, 3.94564,0.0,1,571487
-0.43096,-9.73482, 2.88741,0.0,1,571542
-0.30646,-8.27915, 3.71101,0.0,0,571598
 0.52672,-9.18416, 3.01669,0.0,0,571653
 0.39744,-9.92157, 2.71502,0.0,0,571712
-0.33040,-9.31823, 3.05500,0.0,0,571775
-0.21548,-8.59518, 2.65756,0.0,0,571832
-0.24421,-8.88728, 2.40857,0.0,0,571889
-0.57461,-9.07402, 3.16035,0.0,0,571944
-0.24421,-8.96868, 3.07894,0.0,0,572001
 0.10534,-9.63427, 3.14119,0.0,0,572057
 0.07661,-9.24641, 3.58173,0.0,0,572112
-0.21548,-8.40844, 3.39019,0.0,0,572171
-0.56982,-8.58561, 3.52905,0.0,0,572227
-0.49799,-9.01178, 3.50032,0.0,0,572282
-0.90022,-9.18416, 3.20344,0.0,1,572344
-0.67038,-8.73884, 3.05500,0.0,1,572400
-0.71826,-8.58561, 3.53863,0.0,1,572455
-0.56024,-9.43794, 3.84030,0.0,1,572511
-0.40701,-10.23761, 3.84030,0.0,1,572567
-0.78530,-9.41400, 4.14676,0.0,1,572622
-0.32561,-9.42837, 4.98952,0.0,1,572677
 0.47884,-10.25197, 4.28562,0.0,1,572738
 2.08774,-10.28070, 3.25611,0.0,1,572797
 3.21302,-10.24718, 2.63362,0.0,1,572853
 3.10289,-9.63906, 2.57137,0.0,1,572910
 3.33752,-8.59040, 2.34632,0.0,1,572966
 4.83150,-7.87692, 1.95846,0.0,1,573023
 5.38695,-6.90009, 1.42694,0.0,1,573078
 4.87459,-4.00789, 0.54588,0.0,1,573133
 5.13317,-4.05578, 2.09732,4.0,1,573190
 5.79397,-4.31435, 1.18274,4.0,1,573250
 7.18261,-3.62961, 1.35991,4.0,1,573310
 7.22570,-4.57771, 1.10133,4.0,1,573366
 6.90967,-1.49398, 0.91937,4.0,1,573423
 7.64229,-3.30879, 1.07260,4.0,1,573478
10.30943,-2.18830,-0.35434,4.0,1,573536
 9.21289, 1.05345,-1.21147,5.0,1,573602
10.86489,-0.01437,-0.75657,5.0,1,573658
10.51055,-0.01915,-0.76136,5.0,1,573715
 9.62948, 0.45969,-1.12049,5.0,1,573777
 8.22648, 0.83797, 0.49799,5.0,1,573833
 8.28394,-1.26414,-0.64165,5.0,1,573888
 8.27436,-2.43251, 1.27850,5.0,1,573943
 6.95276,-3.89776, 1.79565,5.0,1,574041
 6.99586,-5.17148, 2.15478,5.0,1,574097
 6.49786,-5.12359, 3.32315,4.0,1,574152
 5.96156,-6.70376, 3.67749,4.0,1,574207
 5.00867,-6.26802, 3.83551,4.0,1,574271
 3.92649,-6.85221, 3.65834,0.0,1,574326
 3.61046,-7.57525, 3.91213,0.0,1,574391
 3.45244,-8.13550, 4.24253,0.0,1,574448
 2.84431,-8.45153, 4.97994,0.0,1,574503
 2.38462,-7.95833, 4.99909,0.0,1,574560
 1.42694,-8.97826, 4.74052,0.0,1,574616
 1.78607,-10.08438, 4.05099,0.0,1,574679
 1.17316,-8.07804, 4.68306,0.0,1,574735
 0.42617,-8.99262, 4.51546,0.0,1,574801
-0.02873,-8.52815, 4.27604,0.0,1,574856
 0.28730,-9.22725, 3.68228,0.0,1,574911
 0.15323,-8.63828, 3.69665,0.0,1,574969
 0.09098,-9.21289, 3.69186,0.0,1,575024
 0.06704,-9.88805, 3.98874,0.0,1,575079
-0.01437,-9.72046, 3.67271,0.0,1,575135
-0.21548,-8.93516, 3.41892,0.0,1,575193
-0.19154,-9.90242, 3.84030,0.0,1,575250
-0.06704,-8.74841, 3.93607,0.0,1,575309
 0.12929,-7.68060, 3.47159,0.0,0,575364
 0.29688,-7.62314, 3.75890,0.0,0,575420
 0.54588,-8.93516, 2.93529,0.0,0,575476
 0.45969,-8.49463, 3.45244,0.0,0,575533
 0.92895,-9.37569, 2.86825,0.0,0,575590
-0.18196,-9.27035, 3.28963,0.0,0,575647
-0.25379,-8.49463, 3.04542,0.0,0,575706
 0.09098,-8.84897, 3.25133,0.0,0,575762
 0.63686,-9.61511, 3.58651,0.0,0,575843
 0.29209,-8.94953, 3.84509,0.0,0,575898
 0.13408,-8.36055, 3.99353,0.0,0,575955
-0.11013,-8.91122, 4.00789,0.0,0,576014
 0.08140,-9.04529, 3.64876,0.0,0,576071
-0.00479,-8.50420, 3.26569,0.0,0,576140
 0.00958,-8.60955, 3.13640,0.0,1,576196
 0.23942,-9.13627, 3.13162,0.0,1,576251
 0.26815,-9.05487, 3.18429,0.0,1,576306
 0.00479,-8.85376, 3.57694,0.0,1,576362
 0.17717,-8.74362, 3.12204,0.0,1,576422
-0.01915,-8.74841, 3.99832,0.0,1,576478
 0.25857,-8.93516, 4.05578,0.0,1,576538
 0.17238,-10.51055, 3.58173,0.0,1,576599
-0.22505,-10.36211, 3.58651,0.0,1,576654
 0.30167,-9.20810, 4.27604,0.0,1,576711
 1.15879,-10.18972, 4.36224,0.0,1,576766
 2.36068,-11.03248, 2.81558,0.0,1,576822
 2.61447,-9.75398, 2.43251,0.0,1,576879
 3.28484,-9.46189, 2.55222,0.0,1,576935
 4.51546,-8.47069, 3.45723,0.0,1,576992
 5.46836,-8.27915, 2.11647,0.0,1,577054
 5.81791,-6.72292, 2.26013,0.0,1,577113
 5.09486,-4.13239, 1.23541,0.0,1,577168
 5.85143,-4.22816, 1.71904,4.0,1,577226
 6.03339,-3.51469, 1.57538,4.0,1,577281
 5.77003,-7.58483, 4.21380,4.0,1,578305
 3.49553,-7.09641, 3.65355,0.0,1,578417
 3.51469,-7.13472, 4.52983,0.0,1,578481
 3.95043,-8.99262, 3.59130,0.0,1,578600
 2.48997,-8.11634, 3.75890,0.0,1,578662
 2.51391,-7.91523, 4.14676,0.0,1,578724
 2.52828,-8.49942, 4.38618,0.0,1,578780
 2.42772,-8.87291, 3.84030,0.0,1,578835
 1.91536,-8.47547, 3.70622,0.0,1,578892
 1.54187,-7.74764, 4.19943,0.0,1,578957
 1.37427,-9.05487, 3.84030,0.0,1,579014
 0.96726,-9.51935, 3.53863,0.0,1,579071
 0.69432,-9.27993, 3.95043,0.0,1,579127
 0.80924,-8.60955, 4.26647,0.0,1,579194
 0.90501,-8.95910, 4.25210,0.0,1,579250
 0.59855,-9.86890, 3.69186,0.0,1,579307
 0.34955,-9.40442, 3.09331,0.0,1,579363
 0.43574,-8.93516, 3.14598,0.0,1,579419
 0.64165,-10.01734, 3.06937,0.0,1,579475
 0.50757,-9.03572, 3.23696,0.0,1,579531
 0.51236,-8.35576, 2.66714,0.0,1,579588
 1.41258,-8.54730, 3.30879,0.0,1,579644
 0.94332,-9.08360, 4.16112,0.0,0,579702
 1.62806,-8.52336, 2.68151,0.0,0,579757
 1.17316,-8.38928, 2.38462,0.0,0,579813
 1.29766,-10.55843, 2.94008,0.0,0,579880
 0.94810,-8.21211, 2.65278,0.0,0,579937
 1.08218,-9.50019, 3.10767,0.0,0,579993
 1.11091,-8.81066, 3.40934,0.0,0,580051
 1.79565,-9.06445, 3.08373,0.0,0,580109
 1.70946,-9.20810, 2.93529,0.0,0,580166
 1.47483,-8.46590, 3.33752,0.0,0,580224
 1.21147,-8.32703, 3.28963,0.0,0,580291
 0.95289,-9.31823, 3.28484,0.0,0,580347
 0.68953,-9.14106, 3.08373,0.0,0,580402
 0.62249,-9.46189, 2.92571,0.0,0,580458
 0.58897,-8.93037, 3.23696,0.0,0,580518
 0.49799,-9.16022, 3.38540,0.0,0,580584
 0.78051,-8.68616, 3.57694,0.0,0,580639
 1.08218,-8.87770, 3.39498,0.0,0,580694
 0.68474,-8.96868, 3.27048,0.0,0,580750
 0.64165,-8.63349, 3.45244,0.0,0,580811
 0.90501,-9.03093, 3.64398,0.0,0,580873
 1.02472,-9.15064, 3.55300,0.0,0,580930
 0.71826,-8.81545, 3.28484,0.0,0,580989
 0.51715,-8.60955, 3.23696,0.0,1,581044
 0.23463,-8.87291, 3.34231,0.0,1,581104
 0.43574,-9.75398, 3.66313,0.0,1,581160
 0.64165,-10.56322, 3.60567,0.0,1,581217
 0.53630,-10.28549, 4.31914,0.0,1,581272
 1.32160,-9.79228, 3.58651,0.0,1,581329
 2.32238,-9.68215, 4.36702,0.0,1,581386
 3.42850,-10.95108, 3.14119,0.0,1,581443
 3.31836,-9.60075, 2.02549,0.0,1,581501
 3.22260,-8.74362, 2.92571,0.0,1,581557
 4.32393,-8.15944, 2.12605,0.0,1,581617
 6.03339,-6.75644, 1.05345,0.0,1,581672
 6.60321,-5.93762, 0.85234,0.0,1,581728
 5.23851,-4.51068, 0.92416,0.0,1,581783
 4.96557,-3.72538, 0.67038,0.0,1,581838
 7.44597,-4.23295, 1.35033,4.0,1,581902
 7.71891,-3.61524,-0.28730,4.0,1,581966
 7.99663,-2.81558,-0.62728,4.0,1,582031
 9.17937,-1.96325,-1.76692,4.0,1,582086
 8.45153,-0.75178,-1.30723,4.0,1,582143
 8.72926, 0.88107,-1.53229,4.0,1,582199
10.61589, 0.04310,-1.95367,5.0,1,582260
 8.80587, 0.01915,-0.83318,5.0,1,582317
 8.67180, 0.01437,-0.35434,5.0,1,582372
 7.65666,-0.12450, 0.65601,5.0,1,582436
 7.98706,-3.10289, 1.25456,5.0,1,582491
 7.69975,-4.03662, 1.48441,5.0,1,582547
 7.41724,-6.87615, 1.72861,4.0,1,582603
 6.39252,-5.68384, 3.22260,4.0,1,582667
 5.90889,-5.45878, 3.33752,4.0,1,582722
 4.84108,-7.25922, 3.91213,4.0,1,582803
 5.06613,-7.97269, 4.59687,0.0,1,582858
 5.10444,-7.73806, 4.07014,0.0,1,582921
 4.52983,-8.11634, 4.33351,0.0,1,582976
 3.93607,-7.39329, 4.79319,0.0,1,583031
 3.50990,-9.85932, 4.17070,0.0,1,583091
 2.78206,-8.54251, 4.29041,0.0,1,583147
 2.70066,-7.65666, 3.66313,0.0,1,583203
 2.45645,-8.85855, 4.05578,0.0,1,583258
 2.43730,-8.87770, 4.03184,0.0,1,583314
 2.01113,-8.77236, 3.71101,0.0,1,583370
 1.61369,-8.51378, 3.78284,0.0,1,583426
 1.71904,-10.82179, 4.21858,0.0,1,583488
 2.04944,-9.32781, 3.76368,0.0,1,583565
 1.59933,-8.49463, 4.00311,0.0,1,583621
 1.72383,-8.72447, 4.51068,0.0,1,583676
 0.93853,-9.00220, 3.11725,0.0,0,583731
 1.48919,-7.92481, 2.50433,0.0,0,583794
 1.37906,-8.59997, 3.17950,0.0,0,583849
 1.62806,-8.50899, 3.13162,0.0,0,583906
 1.65679,-8.26478, 3.29442,0.0,0,583961
 1.46525,-8.48026, 3.63440,0.0,0,584022
 1.10133,-8.69095, 3.78763,0.0,0,584077
 1.13485,-9.02135, 3.84988,0.0,0,584135
 1.16837,-8.57603, 4.14197,0.0,0,584193
 1.01514,-8.24563, 4.09887,0.0,0,584249
 1.38864,-8.72447, 3.84030,0.0,0,584307
 1.07260,-8.62391, 3.56736,0.0,0,584365
 0.93853,-8.31267, 3.28006,0.0,0,584427
 0.92895,-8.59518, 3.61046,0.0,1,584483
 1.43173,-9.50019, 3.66792,0.0,1,584538
 1.35991,-10.49139, 4.18506,0.0,1,584595
 1.88663,-10.15141, 4.38139,0.0,1,584651
 2.18830,-10.08438, 4.85544,0.0,1,584707
 2.63362,-10.38605, 4.63517,0.0,1,584766
 3.32315,-9.90721, 4.24731,0.0,1,584821
 3.75890,-9.01178, 3.20344,0.0,1,584879
 4.13239,-8.64307, 2.23140,0.0,1,584936
 4.88896,-7.93438, 1.67115,0.0,1,584998
 6.08606,-6.70376, 1.81002,0.0,1,585053
 6.41646,-4.97994, 1.02951,4.0,1,585108
 6.17704,-3.34231, 1.11570,4.0,1,585164
 6.20098,-4.30956, 0.54588,4.0,1,585219
 7.69496,-4.39097, 0.14844,4.0,1,585279
 7.87692,-2.77727,-0.11492,4.0,1,585344
 7.60398,-1.88184, 0.79009,4.0,1,585404
 7.43160,-0.97205, 0.47884,5.0,1,585459
 9.71567,-1.01993,-1.78607,5.0,1,585517
 9.52413,-1.07260,-0.47884,5.0,1,585572
10.49618,-0.79487,-2.06380,5.0,1,585627
 9.68215, 0.22027,-0.41180,5.0,1,585685
 8.69095,-0.44532,-0.96726,5.0,1,585741
 7.78116,-0.73263,-0.53151,5.0,1,585799
 7.15866,-1.53229, 0.96247,5.0,1,585857
 6.45477,-2.52828, 0.86191,5.0,1,585915
 7.25443,-4.40533, 1.46525,5.0,1,585970
 7.49385,-6.56011, 2.41814,4.0,1,586025
 6.93361,-8.34140, 2.42772,4.0,1,586081
 5.83706,-6.89051, 3.01191,4.0,1,586137
 4.83629,-6.48350, 3.84030,4.0,1,586201
 5.77003,-7.68539, 3.83072,0.0,1,586266
 4.17070,-8.62870, 3.39498,0.0,1,586324
 2.07338,-7.46512, 3.70622,0.0,1,586379
 2.39420,-8.21690, 3.29442,0.0,1,586435
 2.77727,-8.96389, 3.94564,0.0,1,586492
 2.95444,-10.10353, 4.58729,0.0,1,586550
 0.99599,-10.44351, 4.64954,0.0,1,586606
 1.27372,-8.31746, 4.58250,0.0,1,586665
 0.95768,-9.34696, 4.63996,0.0,1,586720
 1.63285,-9.90242, 3.88340,0.0,1,586778
 1.77171,-8.36055, 3.39019,0.0,1,586836
 1.98719,-7.99185, 3.69665,0.0,1,586892
 2.44209,-8.47547, 3.44286,0.0,1,586947
 1.84354,-9.44273, 3.01669,0.0,1,587003
 1.16837,-9.42837, 2.88741,0.0,1,587060
 0.49321,-9.17458, 3.11725,0.0,1,587119
 0.17717,-8.03973, 2.76291,0.0,0,587174
 0.90501,-8.17859, 3.35667,0.0,0,587230
 1.72383,-8.23127, 3.56736,0.0,0,587300
 1.77650,-8.95431, 3.66792,0.0,0,587355
 1.82917,-9.31823, 3.30400,0.0,0,587411
 1.14443,-8.66701, 3.45723,0.0,0,587466
 0.79487,-8.75799, 3.07894,0.0,0,587523
 0.67516,-8.96868, 3.28484,0.0,0,587583
 1.26414,-8.63828, 3.47159,0.0,0,587644
 1.19231,-8.78193, 3.84030,0.0,0,587699
 1.02472,-8.46590, 3.84988,0.0,0,587755
 0.81403,-8.77236, 3.78284,0.0,0,587811
 0.66080,-8.90643, 3.75411,0.0,0,587866
 0.67516,-8.60955, 3.48596,0.0,0,587950
 0.76614,-9.01178, 3.66792,0.0,1,588016
 0.39744,-9.26556, 4.22337,0.0,1,588071
 0.21548,-9.87848, 3.87861,0.0,1,588130
-0.17238,-9.82580, 4.19943,0.0,1,588185
 0.94810,-10.12747, 4.68306,0.0,1,588241
 2.18830,-9.87848, 3.60088,0.0,1,588301
 3.76847,-10.66856, 2.63841,0.0,1,588360
 3.80199,-10.26634, 2.22182,0.0,1,588416
 3.49075,-9.04051, 1.51792,0.0,1,588476
 4.62560,-8.41801, 1.39821,0.0,1,588532
 5.89452,-8.06367, 1.00078,0.0,1,588587
 5.23851,-7.09163, 0.65601,0.0,1,588643
 5.04219,-6.09564, 0.80445,0.0,1,588702
 5.69341,-4.42927, 0.57940,0.0,1,588759
 5.97593,-5.56412, 0.11492,4.0,1,588814
 7.34541,-3.08852, 0.50278,4.0,1,588873
 8.36055,-3.46680, 0.17238,4.0,1,588929
 8.50899,-1.74777,-0.85712,5.0,1,588993
 8.33661, 0.97683,-1.24498,5.0,1,589051
 9.29908, 0.48842,-1.26414,5.0,1,589105
 9.57202, 0.27773,-0.47884,5.0,1,589160
 9.09797,-0.59855, 0.03352,5.0,1,589222
 7.25922,-0.27294, 0.51715,5.0,1,589277
 7.48906,-1.02472, 0.53630,5.0,1,589341
 8.61434,-3.14598, 0.33519,5.0,1,589398
 8.66222,-5.10923, 1.74777,5.0,1,589454
 7.40287,-5.61680, 2.37984,5.0,1,589516
 6.55054,-6.27281, 2.84910,4.0,1,589578
 5.14753,-6.97670, 2.89698,4.0,1,589633
 4.00311,-7.12993, 3.32794,0.0,1,589689
 3.57215,-8.52336, 3.02148,0.0,1,589756
 3.19387,-8.96389, 3.55778,0.0,1,589812
 2.13563,-9.39006, 3.30400,0.0,1,589868
 1.92973,-9.18416, 3.59130,0.0,1,589923
 1.22104,-9.23204, 3.89297,0.0,1,589979
 1.10133,-10.07480, 3.49553,0.0,1,590041
 0.25857,-9.64384, 3.02148,0.0,1,590098
 0.76614,-8.48984, 4.63517,0.0,1,590207
 1.00556,-9.79228, 4.03662,0.0,1,590264
 0.92895,-9.26556, 3.62482,0.0,1,590321
 0.69911,-9.27514, 3.60567,0.0,1,590376
 0.71826,-9.26077, 3.28006,0.0,1,590434
 0.30646,-8.59518, 3.26569,0.0,0,590489
-0.38786,-8.74362, 3.52426,0.0,0,591270
-0.00479,-9.24162, 3.29442,0.0,0,591328
 0.00958,-9.04529, 3.25133,0.0,0,591386
 0.09577,-8.67180, 3.06937,0.0,0,591449
 0.06225,-9.05487, 3.14598,0.0,0,591505
-0.14844,-9.06924, 3.26090,0.0,0,591560
-0.17238,-8.82024, 3.04542,0.0,0,591616
 0.00000,-9.03093, 3.11246,0.0,0,591671
 0.18675,-9.40921, 2.99754,0.0,0,591727
 0.06704,-8.98304, 3.08373,0.0,0,591784
 0.04310,-8.93037, 3.30879,0.0,0,591842
 0.11013,-9.25598, 3.07416,0.0,0,591898
 0.10056,-9.05487, 3.07894,0.0,0,591953
 0.05746,-8.67180, 2.96881,0.0,0,592011
 0.03352,-9.03093, 3.08852,0.0,0,592069
 0.18675,-8.92558, 3.00712,0.0,0,592124
 0.24900,-9.34696, 2.71024,0.0,0,592179
-0.09577,-8.92080, 2.89698,0.0,1,592240
 0.15802,-8.80109, 2.94487,0.0,1,592297
-0.00958,-9.61033, 3.19865,0.0,1,592352
-0.23942,-9.69173, 3.14598,0.0,1,592416
-0.03831,-9.73961, 3.05500,0.0,1,592471
 0.62249,-10.12268, 4.14197,0.0,1,592527
 1.92494,-10.32859, 4.27604,0.0,1,592582
 2.88262,-10.02213, 2.98318,0.0,1,592642
 2.70066,-9.96467, 2.07338,0.0,1,592704
 2.55222,-8.93037, 1.28329,0.0,1,592760
 3.68707,-8.47547, 1.89621,0.0,1,592818
 6.00466,-7.23049, 1.57538,0.0,1,592882
 7.07247,-6.34463, 0.76614,0.0,1,592937
 6.84263,-4.31435, 0.72305,0.0,1,592992
 6.41167,-4.37660, 0.03352,4.0,1,593048
 6.59842,-2.54264, 1.58017,4.0,1,593103
 7.99185,-3.18908, 1.28808,4.0,1,593161
 8.54730,-2.66714,-0.21548,4.0,1,593217
 7.09641,-1.59933,-0.33040,4.0,1,593274
 9.17458,-1.21625,-1.07739,4.0,1,593342
10.46266,-1.81480,-0.90022,4.0,1,593398
 9.40921,-1.59933,-1.47483,4.0,1,593453
 8.92558,-1.09654,-0.22505,4.0,1,593509
 7.87692,-0.75178,-0.40223,4.0,1,593566
 7.72369,-2.59053, 0.41180,4.0,1,593642
 7.39329,-2.50912, 1.43652,4.0,1,593698
 7.73806,-4.35745, 1.04866,4.0,1,593755
 7.80510,-4.92727, 2.01113,4.0,1,593811
 7.21612,-6.64152, 3.03106,4.0,1,593867
 6.00466,-6.46434, 3.02627,4.0,1,593922
 4.11803,-7.07247, 3.94086,0.0,1,593979
 3.70144,-7.60877, 3.66792,0.0,1,594035
 3.86903,-8.93037, 3.55300,0.0,1,594093
 2.98318,-8.84897, 3.59609,0.0,1,594149
 2.20267,-9.97903, 3.90255,0.0,1,594211
 1.76692,-10.12747, 4.59208,0.0,1,594268
 1.46525,-9.81144, 4.63039,0.0,1,594323
 1.58975,-9.62469, 4.07014,0.0,1,594379
 1.79086,-8.78672, 4.15633,0.0,1,594436
 1.56581,-8.09240, 4.05099,0.0,1,594493
 1.44610,-7.93917, 3.79720,0.0,1,594548
 1.29766,-7.80510, 3.61524,0.0,1,594603
 1.09176,-8.08761, 3.12204,0.0,1,594659
 0.93853,-8.62391, 3.54821,0.0,1,594715
 0.64165,-9.16500, 3.93128,0.0,1,594772
-0.35434,-10.92714, 3.37582,0.0,1,594828
 1.24020,-9.96467, 3.78284,0.0,1,594883
 0.95289,-10.12747, 3.47159,0.0,1,594938
 0.95768,-8.94953, 2.37026,0.0,1,594994
 1.06303,-8.65265, 3.99832,0.0,0,595049
 1.19231,-6.84742, 2.64799,0.0,0,595108
 1.51792,-7.51300, 3.09331,0.0,0,595164
 1.67594,-8.42280, 2.95444,0.0,0,595221
 1.95367,-9.67257, 2.56180,0.0,0,595281
 1.26414,-9.52892, 3.44286,0.0,0,595338
 0.86191,-8.58082, 3.57694,0.0,0,595394
 0.80924,-9.07881, 3.27527,0.0,0,595450
 0.86191,-9.42358, 3.52426,0.0,0,595507
 0.85234,-9.32781, 3.25611,0.0,0,595570
 0.66559,-8.63828, 3.35667,0.0,0,595628
 0.59376,-8.39407, 3.65834,0.0,0,595689
 0.69911,-8.95431, 3.45723,0.0,0,595745
 0.89064,-8.75799, 3.17471,0.0,0,595801
 0.88585,-9.03572, 3.21781,0.0,0,595861
 0.15802,-9.52413, 3.44765,0.0,0,595920
 0.42617,-8.86333, 3.19387,0.0,0,595982
 0.23942,-9.03572, 3.67749,0.0,0,596038
 0.52672,-8.94474, 3.38540,0.0,0,596103
 0.63686,-8.90164, 3.38061,0.0,0,596158
 0.48363,-8.65743, 3.49075,0.0,0,596216
 0.76614,-9.02614, 3.34709,0.0,0,596274
 0.58419,-8.84897, 3.50511,0.0,1,596330
 0.22027,-9.20331, 3.25133,0.0,1,596393
 0.11971,-8.97347, 3.41892,0.0,1,596450
 0.40223,-10.05086, 3.71101,0.0,1,596506
 0.50278,-10.35253, 3.87382,0.0,1,596566
 0.96247,-10.25676, 4.16112,0.0,1,596623
 1.59933,-10.01734, 3.75411,0.0,1,596678
 2.90656,-9.84975, 3.43807,0.0,1,596735
 2.95444,-10.06522, 2.49955,0.0,1,596791
 3.01669,-8.38928, 1.38385,0.0,1,596848
 3.40455,-8.75799, 1.20189,0.0,1,596910
 4.87459,-7.43160, 1.33596,0.0,1,596968
 5.47793,-7.40766, 1.25456,0.0,1,597023
 5.98072,-4.95600, 0.51236,0.0,1,597089
 6.54096,-4.47716, 0.33998,4.0,1,597144
 7.63750,-2.55701, 1.03908,4.0,1,597225
 6.47392,-2.41336, 0.91937,4.0,1,597283
 8.25521,-2.11169, 0.31603,4.0,1,597338
 8.95910,-1.04866, 0.03831,4.0,1,597393
 9.90721,-0.59376,-0.19632,4.0,1,597449
 9.29429, 1.02951,-0.23942,4.0,1,597504
10.74518, 0.64643,-0.85234,4.0,1,597560
11.15698, 0.39265,-1.61369,4.0,1,597619
 8.83460, 0.36392,-0.63686,4.0,1,597676
 7.97269, 0.32082, 0.14365,4.0,1,597736
 7.93438,-0.58897, 0.82839,4.0,1,597795
 8.41801,-1.70946, 0.22027,4.0,1,597850
 8.30309,-2.11169, 1.12049,4.0,1,597907
 6.93361,-3.78284, 1.48919,4.0,1,597963
 7.44597,-4.63517, 2.24576,4.0,1,598019
 7.77637,-6.99107, 2.86347,4.0,1,598078
 6.07648,-6.70855, 3.31836,4.0,1,598146
 4.64954,-6.82826, 3.67749,4.0,1,598205
 4.75010,-9.04529, 3.76368,0.0,1,598269
 3.94086,-9.19373, 4.26168,0.0,1,598325
 2.89698,-8.35098, 3.94564,0.0,1,598381
 1.85311,-7.72848, 4.50589,0.0,1,598438
 1.33596,-8.35576, 4.41970,0.0,1,598495
 1.46046,-8.68616, 3.57215,0.0,1,598563
 1.68073,-8.53772, 3.23696,0.0,1,598618
 1.60890,-10.26634, 4.10366,0.0,1,598679
 1.18274,-9.91199, 3.99353,0.0,1,598734
 1.03430,-9.85453, 4.15155,0.0,1,598789
 1.31681,-9.15064, 2.68629,0.0,1,598851
 1.50356,-8.48505, 2.35111,0.0,1,598906
 0.97683,-8.74841, 2.50912,0.0,1,598964
 0.78530,-9.33739, 2.76291,0.0,1,599027
 0.55067,-9.02614, 3.21781,0.0,0,599084
 0.92895,-8.92080, 2.96881,0.0,0,599139
 0.87149,-8.90164, 2.86347,0.0,0,599194
 0.70868,-9.55287, 3.30400,0.0,0,599256
 0.71826,-9.11233, 3.02148,0.0,0,599313
 0.62728,-9.30866, 2.86825,0.0,0,599369
 0.58897,-8.67180, 3.16513,0.0,0,599425
 0.83797,-8.84897, 2.98796,0.0,0,599491
 0.84276,-8.93037, 2.82995,0.0,0,599555
 0.93853,-9.07881, 2.79643,0.0,0,599612
 0.91459,-9.13148, 2.69587,0.0,0,599686
 0.55067,-9.05008, 2.72460,0.0,0,599741
 0.42617,-9.47625, 2.86825,0.0,0,599797
 0.56982,-9.22246, 2.67672,0.0,0,599854
 0.31125,-9.09318, 2.65278,0.0,0,599909
 0.11971,-9.05487, 2.63362,0.0,0,599965
 0.04310,-9.02135, 2.83952,0.0,0,600023
 0.24900,-9.20810, 2.54264,0.0,0,600079
 0.45490,-9.39964, 2.59053,0.0,0,600135
 0.50757,-9.04529, 2.68629,0.0,0,600192
 0.51715,-9.22725, 2.48997,0.0,0,600252
 0.27773,-8.93995, 2.77727,0.0,0,600308
 0.34477,-9.14106, 2.73418,0.0,0,600363
 0.36392,-9.26077, 2.71024,0.0,0,600419
 0.32561,-9.19373, 2.73418,0.0,1,600474
 0.14844,-9.24162, 2.75333,0.0,1,600530
 0.11013,-10.09395, 3.07894,0.0,1,600589
-0.18675,-10.21366, 3.53384,0.0,1,600646
 0.86670,-11.40598, 4.15633,0.0,1,600707
 1.65679,-10.26155, 3.65834,0.0,1,600764
 2.48039,-11.05642, 3.48596,0.0,1,600820
 2.90656,-10.02692, 1.74777,0.0,1,600879
 3.13162,-8.23127, 1.61369,0.0,1,600946
 4.66391,-8.57603, 1.21625,0.0,1,601002
 6.03339,-7.92960, 0.63686,0.0,1,601057
 5.89931,-6.19141, 1.44131,0.0,1,601118
 5.75566,-4.89375, 1.49877,0.0,1,601174
 6.92882,-4.54419, 0.96726,0.0,1,601229
 7.36935,-2.88741, 1.48919,4.0,1,601286
 6.89051,-2.30801, 0.02873,4.0,1,601344
 8.14986,-1.96325, 0.28252,4.0,1,601407
10.95587,-2.54264, 0.82839,4.0,1,601462
 7.75243,-1.58496,-0.23942,4.0,1,601547
 8.71011,-1.43652,-0.69432,4.0,1,601603
11.68370,-0.13408,-2.70066,5.0,1,601662
 9.84017,-0.91937, 0.37828,5.0,1,601718
 8.76757,-0.79009,-1.06781,5.0,1,601773
 7.33105,-0.04310, 1.05824,5.0,1,601830
 9.43316,-1.08697, 0.19154,5.0,1,601897
 9.52413,-1.92494, 0.09098,5.0,1,601953
 8.33182,-3.18908, 0.97683,5.0,1,602009
 7.31668,-3.63919, 0.94810,5.0,1,602065
 7.22091,-6.75644, 1.08697,4.0,1,602146
 6.46434,-7.15866, 2.78685,4.0,1,602214
 5.34865,-7.16345, 3.03106,4.0,1,602276
 5.26246,-6.83784, 3.05021,4.0,1,602333
 4.07493,-7.83862, 2.88262,0.0,1,602459
 3.18429,-8.53772, 3.44286,0.0,1,602516
 2.47082,-9.49540, 3.75411,0.0,1,602574
 1.93451,-10.36689, 3.71580,0.0,1,602649
 1.72861,-9.17937, 3.49553,0.0,1,602726
 1.98240,-8.12592, 3.06937,0.0,1,602782
 2.67672,-8.00621, 3.05979,0.0,1,602842
 2.25534,-8.49463, 2.98318,0.0,1,602899
 1.70946,-8.41323, 3.33752,0.0,1,602956
 0.86670,-8.83939, 3.44765,0.0,1,603016
 0.73741,-9.73961, 3.63919,0.0,1,603072
 1.24977,-9.73961, 2.97360,0.0,1,603131
 0.69911,-9.35654, 3.43329,0.0,1,603187
 1.18752,-9.66779, 3.53863,0.0,1,603250
 0.88585,-8.83460, 3.25133,0.0,1,603305
 1.06781,-8.68138, 3.48117,0.0,0,603367
 0.45490,-9.02614, 2.56658,0.0,0,603484
 0.48842,-9.34218, 2.56180,0.0,0,603552
 0.68953,-9.19852, 2.54264,0.0,0,603608
 0.82361,-9.15064, 2.71024,0.0,0,603720
 0.63686,-8.73405, 2.76291,0.0,0,603777
 0.63686,-9.09318, 2.79164,0.0,0,603847
 0.81403,-9.15543, 3.26090,0.0,0,603916
 0.40223,-9.03093, 3.47159,0.0,0,603971
 0.49799,-9.13627, 3.35188,0.0,0,604027
 0.36871,-9.14585, 3.29442,0.0,0,604084
 0.44053,-9.00699, 3.05979,0.0,0,604142
 0.59376,-8.83460, 3.07416,0.0,0,604200
 0.55067,-8.86333, 2.98318,0.0,0,604256
 0.57461,-9.17458, 2.73897,0.0,0,604312
 0.48363,-8.87291, 2.55222,0.0,0,604367
 0.54588,-9.22246, 2.81079,0.0,0,604426
 0.35913,-9.01178, 2.86347,0.0,0,604498
 0.57940,-9.33739, 2.79164,0.0,0,604554
 0.56982,-9.14106, 2.63362,0.0,0,604609
 0.51715,-9.08360, 2.50912,0.0,0,604665
 0.11013,-9.08839, 2.67193,0.0,1,604720
 0.31603,-9.00220, 2.58574,0.0,1,604776
 0.38786,-9.12670, 2.47082,0.0,1,604834
 0.43096,-8.76757, 2.92571,0.0,1,604890
 0.30646,-9.77792, 2.73897,0.0,1,604948
 0.21548,-9.01656, 2.60010,0.0,1,605007
 0.55067,-9.09318, 2.48039,0.0,1,605065
 0.90022,-9.99340, 2.37984,0.0,1,605120
 0.11013,-10.67335, 2.37984,0.0,1,605175
 0.20111,-10.31901, 2.69108,0.0,1,605231
 0.68474,-10.02692, 3.04542,0.0,1,605299
 2.14520,-10.38126, 3.04064,0.0,1,605356
 3.11725,-10.36689, 2.75812,0.0,1,605413
 3.08852,-8.88249, 2.19788,0.0,1,605470
 3.98395,-8.49942, 1.19710,0.0,1,605525
 5.55455,-8.55688, 0.96726,0.0,1,605580
 6.46913,-7.56089, 1.65679,0.0,1,605635
 7.37893,-5.77003, 1.27850,0.0,1,605718
 7.26880,-3.32315, 1.47962,4.0,1,605774
 6.42604,-2.60489, 0.76136,4.0,1,605831
 6.78038,-3.22260,-0.10534,4.0,1,605888
 7.83862,-3.09331, 0.33519,4.0,1,605945
 7.34541,-3.79720, 0.16759,4.0,1,606000
 8.30788,-3.21302, 0.08619,4.0,1,606056
 8.70053,-1.90578,-1.26414,4.0,1,606117
10.24718,-1.76692,-0.84276,4.0,1,606172
 9.70609,-0.57461,-1.62806,5.0,1,606236
 8.47547,-2.10211,-1.53708,5.0,1,606300
 7.34541,-1.17795, 0.59855,5.0,1,606355
 7.76200,-2.94966,-0.04310,5.0,1,606411
 7.04853,-2.54743, 0.87628,5.0,1,606468
 6.78517,-4.21380, 1.52271,5.0,1,606525
 6.91445,-6.08127, 1.32160,5.0,1,606580
 7.23528,-6.23450, 2.60489,4.0,1,606646
 5.49230,-7.98227, 3.16513,4.0,1,606710
 4.59687,-7.73806, 4.09887,0.0,1,606765
 4.80277,-8.70532, 3.62003,0.0,1,606822
 3.81157,-9.25598, 3.88818,0.0,1,606879
 2.89220,-9.25119, 4.19943,0.0,1,606940
 2.31759,-9.07881, 3.88340,0.0,1,607003
 1.82438,-8.76278, 3.43329,0.0,1,607063
 1.54665,-8.78193, 3.05500,0.0,1,607118
 1.43173,-8.89207, 3.05979,0.0,1,607174
 1.23062,-9.12191, 3.47159,0.0,1,607235
 1.21147,-9.42837, 4.63517,0.0,1,607294
 1.87227,-9.49540, 3.65355,0.0,1,607349
 1.73340,-8.27915, 3.49075,0.0,1,607405
 1.76692,-8.26000, 3.62961,0.0,1,607463
 1.33596,-8.66701, 3.92170,0.0,1,607525
 1.21625,-8.93037, 3.53863,0.0,1,607581
 1.24498,-9.30387, 3.63919,0.0,0,607636
 0.98162,-9.48104, 3.45723,0.0,0,607691
 1.36469,-8.83939, 3.45244,0.0,0,607747
 1.45089,-8.28873, 3.04542,0.0,0,607805
 1.24020,-9.03572, 2.94966,0.0,0,607860
 1.42216,-9.22246, 3.18429,0.0,0,607919
 1.24977,-8.97347, 2.60010,0.0,0,607974
 1.37906,-8.42759, 3.18429,0.0,0,608030
 1.79086,-8.67659, 3.32315,0.0,0,608086
 2.09253,-9.30866, 3.40455,0.0,0,608141
 1.74777,-8.84418, 3.10767,0.0,0,608199
 1.46525,-8.41801, 3.14598,0.0,0,608254
 1.25935,-8.58561, 3.28963,0.0,0,608318
 1.14443,-8.92080, 3.55300,0.0,0,608373
 0.97683,-9.16979, 3.39977,0.0,0,608429
 0.96247,-9.22246, 3.29921,0.0,0,608485
 1.03908,-8.95910, 3.23696,0.0,0,608542
 0.84276,-8.59518, 3.32315,0.0,0,608597
 0.92416,-8.91122, 3.51469,0.0,0,608653
 1.00078,-9.27514, 3.28006,0.0,0,608711
 0.80445,-8.74362, 3.27048,0.0,0,608767
 0.93374,-8.74362, 3.16513,0.0,0,608826
 0.84755,-8.92558, 3.55778,0.0,1,608883
 0.90022,-9.07402, 3.45244,0.0,1,608940
 0.77093,-9.17458, 2.97360,0.0,1,608995
 0.70868,-9.74440, 3.15556,0.0,1,609051
 0.56982,-10.65899, 2.71024,0.0,1,609108
 1.84832,-10.08917, 2.05901,0.0,1,609165
 2.59053,-9.92157, 4.22337,0.0,1,609220
 3.87861,-10.80743, 2.81079,0.0,1,609275
 3.96001,-9.78271, 0.97205,0.0,1,609333
 3.92649,-8.12592, 1.50835,0.0,1,609410
 5.04698,-8.36055, 0.83797,0.0,1,609472
 6.90009,-7.65666, 0.71347,0.0,1,609529
 6.91924,-6.00945, 0.07183,0.0,1,609585
 6.07170,-4.07972, 0.42617,0.0,1,609642
 6.03339,-2.20745, 0.49321,4.0,1,609702
 6.39731,-1.75256,-0.52194,4.0,1,609759
 7.74764,-2.79164,-0.14844,4.0,1,609822
 8.01579,-2.00155,-0.87628,4.0,1,609877
 8.95431,-1.29287,-0.50757,4.0,1,609933
 9.84975,-1.40300,-1.79565,4.0,1,609990
 9.02135,-0.59855,-2.06380,5.0,1,610044
11.01812, 0.33519,-2.33195,5.0,1,610099
10.28549, 0.22027,-2.22182,5.0,1,610158
 9.82102,-0.08619,-0.94332,5.0,1,610215
 9.22246,-0.68953,-1.55623,5.0,1,610272
 8.31746,-0.63686,-0.88107,5.0,1,610334
 7.97748,-0.82839,-0.02873,5.0,1,610391
 8.58561,-1.44610, 0.11013,5.0,1,610446
 7.92481,-1.20668, 0.69911,5.0,1,610502
 7.77158,-2.99275, 0.86191,5.0,1,610559
 8.22169,-5.41090, 0.81882,5.0,1,610624
 8.31267,-5.76524, 0.39265,5.0,1,610681
 7.60398,-5.88495, 1.01993,5.0,1,610737
 6.88572,-6.37336, 0.66559,5.0,1,610792
 6.21056,-6.56969, 1.66158,5.0,1,610847
 6.15310,-8.46111, 1.28808,5.0,1,610905
 5.37738,-7.65187, 1.07260,5.0,1,610962
 4.41970,-8.53294, 1.34554,1.0,1,611017
 3.37104,-9.35654, 2.51870,0.0,1,611106
 2.97360,-9.70131, 2.59053,0.0,1,611162
 3.19387,-9.16022, 2.49955,0.0,1,611219
 3.27048,-9.20331, 3.18429,0.0,1,611275
 2.87783,-9.18895, 3.25611,0.0,1,611332
 2.48518,-8.48026, 2.92571,0.0,1,611389
 1.95367,-8.05888, 2.60489,0.0,1,611444
 1.63763,-8.93037, 2.29365,0.0,1,611500
 1.36469,-9.18895, 2.34153,0.0,1,611558
 1.46525,-9.18895, 2.92093,0.0,1,611618
 1.65679,-9.44752, 2.97360,0.0,1,611674
 2.71502,-9.89284, 2.63841,0.0,1,611734
 2.13563,-9.16500, 2.09253,0.0,1,611790
 1.55623,-8.75799, 2.28886,0.0,1,611852
 2.01592,-9.43794, 2.18351,0.0,1,611907
 1.17795,-8.95910, 2.37026,0.0,0,611965
 0.87149,-8.35576, 1.97282,0.0,0,612020
 0.93853,-8.81545, 1.94409,0.0,0,612079
 1.28808,-9.16022, 2.37026,0.0,0,612135
 1.29287,-9.54808, 2.37984,0.0,0,612191
 1.01993,-9.61033, 2.40378,0.0,0,612247
 1.19231,-8.96389, 2.18351,0.0,0,612302
 1.14922,-9.42358, 1.58496,0.0,1,613286
 1.15879,-9.36612, 1.46046,0.0,1,613341
 1.23541,-9.51935, 1.67594,0.0,1,613399
 1.18752,-10.53928, 2.26970,0.0,1,613471
 1.46525,-9.92157, 2.13563,0.0,1,613526
 2.26491,-10.48182, 2.96402,0.0,1,613581
 3.71101,-10.49139, 2.46603,0.0,1,613638
 4.14676,-9.95509, 2.43730,0.0,1,613696
 3.70144,-8.17859, 1.38385,0.0,1,613751
 3.66792,-7.80031, 1.32160,0.0,1,613811
 5.04219,-7.57525, 0.93374,0.0,1,613870
 7.26401,-7.24007, 0.64165,0.0,1,613927
 7.41724,-6.27760, 0.14844,0.0,1,613982
 6.97670,-4.05099, 0.59855,4.0,1,614038
 7.87692,-4.46758, 0.40701,4.0,1,614093
 7.73806,-3.90734, 0.27773,4.0,1,614153
 7.64229,-3.35188, 0.16759,4.0,1,614209
 7.83383,-3.27527, 0.09577,4.0,1,614264
 7.64708,-2.91614, 0.48842,4.0,1,614324
 8.80109,-2.94008,-0.38786,4.0,1,614384
 9.02135,-1.07739,-0.35913,4.0,1,614441
 9.19852,-1.45567,-2.67672,5.0,1,614496
 9.23683,-0.05746,-2.57137,5.0,1,614553
 9.58160,-0.66559,-2.93529,5.0,1,614616
 9.60075,-0.44053,-2.57616,5.0,1,614672
 9.07881, 0.28252,-2.52828,5.0,1,614731
 9.43794,-0.59376,-2.90656,5.0,1,614788
 8.62391,-0.98641,-0.51715,5.0,1,614845
 8.86812,-1.67594,-1.13485,5.0,1,614900
 8.02058,-2.79643,-0.49799,5.0,1,614956
 7.67102,-2.70066,-0.05746,5.0,1,615015
 7.50343,-3.94564, 0.79487,5.0,1,615071
 7.69975,-5.65032, 1.24977,5.0,1,615129
 6.48829,-5.89931, 2.34632,5.0,1,615186
 5.43963,-5.95199, 2.63362,4.0,1,615249
 5.14275,-7.39329, 2.90656,4.0,1,615307
 5.15711,-8.68138, 2.78206,0.0,1,615362
 4.22816,-8.35576, 3.81157,0.0,1,615417
 3.16513,-8.36534, 3.70144,0.0,1,615473
 2.15957,-8.65743, 3.65355,0.0,1,615528
 2.14999,-9.04051, 2.84910,0.0,1,615583
 1.03908,-9.66300, 1.66636,0.0,1,615643
-0.31125,-9.13148, 1.62806,0.0,1,615699
-1.24498,-8.76757, 2.36547,0.0,1,615756
-1.77171,-9.48583, 2.04944,0.0,1,615820
-2.15478,-9.26556, 1.98719,0.0,1,615876
-1.61369,-9.17937, 2.56180,0.0,1,615933
-1.81959,-9.92157, 2.92571,0.0,1,615989
-2.45166,-9.60075, 2.78685,0.0,1,616051
-3.54821,-8.05888, 2.97360,0.0,1,616106
-3.17950,-8.41323, 2.24576,0.0,1,616164
-2.93529,-9.11712, 2.60968,0.0,1,616232
-2.34632,-9.04051, 2.28407,0.0,0,616288
-2.47082,-8.84897, 2.81079,0.0,0,616343
-2.10211,-9.33739, 2.64799,0.0,0,616398
-2.15478,-9.16979, 2.07817,0.0,0,616460
-2.22661,-9.23683, 2.04944,0.0,0,616518
-2.23618,-9.22725, 2.02549,0.0,0,616574
-2.87304,-8.86812, 1.97761,0.0,0,616636
-2.62883,-8.82503, 1.87705,0.0,0,616691
-2.06380,-9.19373, 2.14042,0.0,0,616749
-2.04465,-9.11233, 2.31759,0.0,0,616805
-2.14999,-9.49062, 1.92973,0.0,0,616862
-2.30322,-9.72046, 2.42772,0.0,0,616918
-2.20745,-8.96389, 2.91614,0.0,0,616974
-1.86269,-8.90164, 2.95923,0.0,0,617030
-1.71904,-8.73405, 3.49075,0.0,0,617097
-1.63285,-8.38928, 3.67749,0.0,0,617152
-1.26893,-8.72926, 3.62003,0.0,0,617210
-0.80445,-8.56167, 3.48117,0.0,0,617267
-0.71826,-8.86333, 3.14598,0.0,0,617324
-0.94332,-9.14585, 3.16513,0.0,0,617386
-1.08218,-8.79151, 3.45723,0.0,0,617441
-0.79487,-8.74841, 3.34709,0.0,0,617502
-0.73741,-9.01656, 3.27527,0.0,0,617560
-0.80924,-9.16500, 3.36625,0.0,0,617617
-0.73741,-8.86812, 3.19387,0.0,0,617673
-1.00078,-8.59040, 3.20344,0.0,0,617731
-1.03908,-8.94953, 2.81558,0.0,0,617792
-1.36469,-8.99741, 2.80122,0.0,0,617850
-1.25935,-9.16500, 2.58095,0.0,1,617911
-1.21147,-9.15543, 2.98318,0.0,1,617968
-1.17316,-9.04051, 2.94487,0.0,1,618024
-1.06303,-9.11712, 2.97839,0.0,1,618087
-0.93374,-9.21768, 3.01191,0.0,1,618144
-0.86191,-8.75320, 3.15077,0.0,1,618203
-0.81403,-9.01178, 3.12683,0.0,1,618259
-1.29766,-9.51935, 3.45723,0.0,1,618318
-0.23942,-9.74919, 4.53941,0.0,1,618379
 0.12450,-10.64941, 4.02226,0.0,1,618436
 0.25379,-10.88883, 2.54743,0.0,1,618491
 1.16358,-9.31344, 2.77249,0.0,1,618547
 2.41336,-9.90242, 1.66158,0.0,1,618612
 2.81558,-9.58160, 0.22505,0.0,1,618670
 2.09732,-8.12592, 0.40701,0.0,1,618735
 2.41814,-8.61434, 0.46926,0.0,1,618790
 3.64398,-8.65265, 0.78051,0.0,1,618847
 4.85544,-8.59997, 0.86670,0.0,1,618902
 5.45399,-7.97269, 1.95367,0.0,1,618958
 6.16268,-7.69496, 1.53708,0.0,1,619020
 6.78517,-6.54575, 1.31681,0.0,1,619077
 6.87615,-6.68940, 0.91937,0.0,1,619136
 6.78038,-5.48272, 0.56503,0.0,1,619196
 6.76123,-5.05177, 0.62249,0.0,1,619251
 7.31189,-4.97515, 0.24900,0.0,1,619309
 8.08282,-4.85065,-0.01437,4.0,1,619364
 8.87770,-4.43885,-0.06704,4.0,1,619420
 8.34140,-3.64398, 0.09098,4.0,1,619480
 8.14029,-3.73495, 0.14844,4.0,1,619538
 8.91122,-1.78129, 0.05746,4.0,1,619597
 8.16423,-0.00958,-0.62249,4.0,1,619655
 9.88326,-0.21069,-2.13563,5.0,1,619724
 9.47146,-0.30646,-0.34955,5.0,1,619789
 9.33260, 1.08218,-0.26336,5.0,1,619855
10.16578,-0.01915,-2.14520,5.0,1,619916
 9.08839,-0.66080,-0.58897,5.0,1,619973
 8.32703,-0.67516, 0.36392,5.0,1,620029
 8.89207,-1.75256, 0.67516,5.0,1,620084
 8.15944,-2.80122, 0.51715,5.0,1,620146
 7.54652,-3.39498, 1.15401,5.0,1,620203
 7.00543,-3.50511, 1.77650,5.0,1,620266
 7.64708,-4.88417, 1.89621,5.0,1,620324
 7.32147,-6.25365, 1.93451,4.0,1,620389
 5.85143,-8.73884, 2.22182,4.0,1,620573
 4.97515,-8.34140, 2.16915,0.0,1,620633
 4.47237,-7.66623, 2.37026,0.0,1,620693
 4.33351,-7.54652, 3.07894,0.0,1,620750
 3.08373,-8.02536, 3.21302,0.0,1,620830
 2.32238,-8.28394, 3.50990,0.0,1,620886
 1.27850,-9.22725, 2.96402,0.0,1,620941
 0.44053,-9.78271, 2.93050,0.0,1,620998
 0.08140,-9.62469, 3.53384,0.0,1,621055
 0.00958,-11.33894, 3.57215,0.0,1,621112
 1.47962,-10.34774, 3.39498,0.0,1,621171
 0.41659,-8.97347, 3.05979,0.0,1,621229
 0.69432,-8.48984, 3.16992,0.0,1,621299
 1.34075,-8.29351, 3.02627,0.0,1,621359
 0.70390,-9.06924, 3.59609,0.0,0,621416
-0.24900,-8.73405, 3.28963,0.0,0,621478
-1.00078,-8.61913, 2.86347,0.0,0,621536
-1.02472,-8.49463, 2.57616,0.0,0,621593
-0.56024,-7.97748, 1.85311,0.0,0,621656
 0.68474,-7.73327, 1.83875,0.0,0,621711
 1.84354,-6.59842, 1.38864,0.0,0,621767
 3.80678,-6.22492, 1.64242,0.0,0,621822
 5.66947,-5.30076, 0.59855,0.0,0,621879
 7.15387,-3.23217,-0.60813,4.0,0,621936
 8.64307,-3.42850,-0.26336,4.0,0,621991
 8.59518,-2.00634,-1.24977,4.0,0,622046
 7.91523,-0.30646,-2.39899,4.0,0,622108
 8.04931, 0.37828,-4.31914,5.0,0,622165
 7.45554, 2.62405,-4.77883,5.0,0,622222
 6.92403, 4.64954,-7.13951,5.0,0,622277
 7.06768, 5.70299,-6.71334,5.0,0,622333
 8.81545, 4.48195,-6.57927,5.0,0,622392
 0.80445, 9.06924,-1.80044,3.0,0,622448
-3.07894, 6.68940,-6.75644,3.0,0,622505
-3.30879,11.49217,-0.96247,3.0,0,622560
-8.50420,11.26232, 1.52750,3.0,0,622618
-8.26478,12.36845,-0.60334,7.0,0,622696
-8.76278, 8.76757,-0.19154,6.0,0,622754
-10.48660, 6.89530, 0.86191,6.0,0,622809
-9.39485, 5.54018, 0.70390,6.0,0,622897
-10.95587, 6.82347, 1.54665,6.0,0,622960
-9.14106, 4.88417, 0.33998,6.0,0,623016
-9.24641, 4.44843, 0.25379,6.0,0,623077
-10.34295, 4.57293, 0.18196,6.0,0,623133
-9.82580, 3.50032, 0.25857,6.0,0,623194
-9.87369, 3.84509,-0.34955,6.0,0,623251
-10.38605, 3.07894,-0.92416,6.0,0,623311
-10.92714, 3.93607,-0.30167,6.0,0,623370
-9.02614, 2.11169,-0.87149,6.0,0,623428
-8.81066, 1.48919,-0.57940,6.0,0,623487
-9.21289, 1.87227,-0.11013,6.0,0,623550
-8.25042, 1.53229,-0.42617,6.0,0,623609
-7.91523, 1.94409,-1.46525,6.0,0,623680
-8.60476, 2.15478,-0.74699,6.0,0,623737
-9.31823, 2.26013,-1.22583,6.0,0,623793
-8.81066, 1.97282,-0.46926,6.0,0,623850
-8.25521, 1.48919,-0.58897,6.0,0,623911
-7.97269, 2.05422,-0.42617,6.0,0,623968
-9.80665, 2.24097, 0.46448,6.0,0,624026
-8.88728, 1.58975, 1.08697,6.0,0,624083
-8.87291, 1.13006, 0.88585,6.0,0,624140
-9.39006, 1.47483, 0.98162,6.0,0,624196
-8.41801, 2.13563, 0.92416,6.0,0,624255
-9.91199, 2.20745, 0.23463,6.0,0,624311
-9.88326, 2.76770, 1.41737,6.0,0,624366
-10.10353, 2.25055, 2.68151,6.0,0,624422
-11.43471, 2.50912, 1.98240,6.0,0,624478
-10.46745, 1.13964, 2.07338,6.0,0,624533
-10.54406, 1.69988, 0.85712,6.0,0,624589
-9.90721, 1.54665,-0.04788,7.0,0,625307
-10.34295, 2.30801, 0.60813,7.0,0,625369
-8.77236, 1.36948,-1.22104,7.0,0,625425
-9.95988, 0.70868,-0.79009,7.0,0,625498
-8.79151, 1.71425,-0.44532,7.0,0,625556
-15.75864, 3.92649,-0.42617,7.0,0,625613
-9.59596, 2.05422,-1.32160,7.0,0,625676
-10.12747, 1.32160,-1.24498,7.0,0,625733
-9.79228, 1.41258,-1.78607,7.0,0,625792
-9.83059, 1.37427,-2.00634,7.0,0,625847
-9.94551, 1.65200,-0.97683,7.0,0,625903
-10.54406, 3.61524,-2.97360,7.0,0,625959
-9.44752, 1.74298,-1.79565,7.0,0,626016
-9.44273, 1.62327,-2.21703,7.0,0,626075
-10.07480, 3.38061,-2.28407,7.0,0,626131
-10.43872, 3.00712,-2.44687,7.0,0,626190
-10.47224, 2.53307,-1.61848,7.0,0,626246
-10.29986, 2.79643,-2.14999,7.0,0,626302
-10.69729, 2.75812,-2.13563,7.0,0,626360
-11.44907, 3.04542,-2.25534,7.0,0,626415
-11.36767, 5.69341,-2.48997,7.0,0,626470
-10.55364, 5.70778,-2.06859,7.0,0,626525
-9.73961, 6.22492,-1.05824,7.0,0,626581
-9.35654, 5.66947,-0.37350,7.0,0,626636
-9.05008, 7.09641,-0.25857,7.0,0,626700
-8.24084, 5.33907, 0.18675,7.0,0,626755
-7.24485, 4.79798, 1.11570,7.0,0,626831
-8.35098, 4.20901, 1.59454,7.0,0,626887
-9.41879, 4.63996, 1.70946,7.0,0,626943
-10.06044, 3.54342, 2.79643,6.0,0,626999
-10.83137, 4.06535, 2.51391,6.0,0,627055
-9.62469, 3.44286, 1.69988,6.0,0,627110
-8.85376, 3.69665, 1.55623,6.0,0,627170
-7.80031, 3.50511, 1.12049,6.0,0,627226
-5.92325, 3.42371, 1.14922,6.0,0,627285
-5.59285, 3.14119, 0.31125,6.0,0,627341
-5.88016, 3.46202, 0.91937,6.0,0,627398
-6.38773, 4.26647, 0.70390,6.0,0,627507
-7.8051