-0.93,2.59,4.22,2,0,287,10
-0.99,2.55,4.04,2,0,286,10
-1.03,2.25,3.82,2,0,286,10
-0.78,2.65,4.00,2,0,286,10
-1.00,2.43,4.58,2,0,288,10
-0.80,2.42,4.17,2,0,288,10
-0.79,2.35,3.81,2,0,289,10
-0.80,2.29,4.13,2,0,288,10
-0.79,2.33,4.24,2,0,289,10
-0.95,2.22,4.29,2,0,286,10
-0.79,2.24,4.17,2,0,287,10
-0.80,2.24,4.17,2,0,288,10
-0.79,2.15,4.15,2,0,288,10
-0.93,2.19,4.28,2,0,288,10
-0.89,2.35,4.35,2,0,286,10
-1.42,2.27,3.79,2,0,287,10
-0.75,3.14,4.27,2,0,288,10
-0.34,2.37,4.11,2,0,289,10
-0.91,1.93,4.51,2,0,289,10
-1.06,1.51,4.64,2,0,290,10
-0.76,1.88,4.33,2,0,290,10
-0.93,1.79,4.39,2,0,290,10
-0.91,1.79,4.60,2,0,290,10
-0.94,1.63,4.41,2,0,291,10
-0.92,1.75,4.53,2,0,290,10
-1.41,2.01,3.09,2,0,290,10
-0.34,1.52,4.64,2,0,287,10
-0.18,1.26,4.78,2,0,285,10
0.16,1.85,4.64,2,0,285,10
-0.20,1.38,4.48,2,0,286,10
-0.03,1.45,4.72,2,0,286,10
0.07,1.47,4.81,2,0,285,10
0.19,0.59,5.03,2,0,285,10
-0.37,1.54,4.81,2,0,285,10
-0.41,1.32,4.44,2,0,284,10
-0.44,1.26,4.39,2,0,288,10
-0.29,1.48,4.70,2,0,288,10
-0.44,1.24,4.56,2,0,289,10
-0.28,1.27,4.82,2,0,287,10
-0.87,1.16,4.86,2,0,287,10
-0.43,1.15,4.48,2,0,285,10
-1.02,1.32,4.33,2,0,284,10
-1.11,1.49,4.49,2,0,285,10
-0.87,1.16,4.49,2,0,282,10
-0.62,1.21,4.73,2,0,282,10
-0.83,1.13,4.62,2,0,285,10
-0.62,1.43,4.71,2,0,283,10
-0.25,1.26,4.53,2,0,286,10
-0.69,1.58,4.38,2,0,287,10
-0.39,1.12,4.84,2,0,283,10
-0.87,1.12,4.63,2,0,277,10
-0.59,1.32,4.25,2,0,276,10
-0.83,1.07,4.75,2,0,277,10
-0.71,1.05,4.47,2,0,278,10
-0.68,1.07,4.64,2,0,285,10
-0.57,1.24,4.78,2,0,287,10
-0.82,1.10,4.88,2,0,285,10
-0.81,1.19,4.62,2,0,291,10
-0.86,1.01,4.53,2,0,292,10
-1.13,1.09,4.58,2,0,293,10
-0.93,1.30,4.59,2,0,294,10
-1.36,0.95,4.49,2,0,292,10
-1.31,0.96,4.63,2,0,290,10
-1.11,1.07,4.01,2,0,291,10
-0.97,1.11,4.76,2,0,282,10
-0.83,1.42,4.16,2,0,272,10
-0.95,1.38,5.17,2,0,275,10
-1.25,1.51,4.17,2,0,276,10
-1.08,1.31,4.68,2,0,284,10
-1.21,1.28,4.43,2,0,280,10
-1.49,1.28,4.53,2,0,283,10
-1.30,1.20,4.50,2,0,280,10
-1.31,1.26,4.52,2,0,281,10
-1.09,1.36,4.35,2,0,280,10
-1.36,1.26,4.58,2,0,276,10
-1.07,1.23,4.43,2,0,278,10
-1.01,1.59,4.26,2,0,283,10
-1.59,1.08,4.60,2,0,281,10
-1.18,1.40,4.43,2,0,282,10
-1.35,1.59,4.77,2,0,282,10
-1.43,1.50,4.28,2,0,286,10
-1.13,1.40,4.57,2,0,285,10
-1.35,1.39,4.73,2,0,286,10
-1.19,1.36,4.33,2,0,282,10
-1.37,1.31,4.45,2,0,272,10
-1.24,1.32,4.45,2,0,281,10
-1.27,1.37,4.52,2,0,284,10
-1.29,1.35,4.38,2,0,286,10
-1.21,1.29,4.63,2,0,285,10
-1.50,1.36,4.39,2,0,283,10
-1.20,1.44,4.45,2,0,288,10
-1.41,1.27,4.58,2,0,286,10
-1.38,1.42,4.80,2,0,292,10
-1.18,1.32,4.52,2,0,293,10
-1.56,1.29,4.59,2,0,294,10
-1.16,1.54,4.41,2,0,295,10
-1.57,1.09,4.30,2,0,296,10
-1.08,1.63,4.79,2,0,297,10
-1.25,1.49,4.28,2,0,298,10
-1.45,1.10,4.60,2,0,287,10
-1.20,1.49,4.51,2,0,281,10
-1.47,1.30,4.67,2,0,284,10
-1.28,1.46,4.45,2,0,282,10
-1.29,1.41,4.53,2,0,289,10
-1.38,1.36,4.44,2,0,289,10
-1.37,1.30,4.47,2,0,286,10
-1.20,1.38,4.53,2,0,281,10
-1.36,1.37,4.47,2,0,290,10
-1.27,1.40,4.64,2,0,294,10
-1.34,1.33,4.47,2,0,294,10
-1.36,1.40,4.52,2,0,297,10
-1.23,1.46,4.48,2,0,294,10
-1.24,1.31,4.21,2,0,296,10
-1.44,1.32,4.51,2,0,300,10
-1.30,1.53,4.51,2,0,301,10
-1.41,1.27,4.42,2,0,300,10
-1.39,1.42,4.55,2,0,300,10
-1.35,1.34,4.35,2,0,300,10
-1.33,1.38,4.54,2,0,303,10
-1.28,1.41,4.51,2,0,304,10
-1.37,1.37,4.53,2,0,306,10
-1.30,1.39,4.59,2,0,304,10
-1.33,1.42,4.43,2,0,302,10
-1.31,1.36,4.51,2,0,303,10
-1.44,1.39,4.55,2,0,303,10
-1.62,1.36,4.40,2,0,305,10
-1.36,1.35,4.50,2,0,301,10
-1.34,1.40,4.49,2,0,303,10
-1.36,1.37,4.47,2,0,304,10
-1.40,1.37,4.51,2,0,302,10
-1.36,1.38,4.51,2,0,304,10
-1.33,1.39,4.45,2,0,308,10
-1.36,1.36,4.31,2,0,308,10
-1.35,1.41,4.53,2,0,308,10
-1.33,1.37,4.53,2,0,310,10
-1.35,1.35,4.39,2,0,309,10
-1.40,1.36,4.49,2,0,309,10
-1.39,1.36,4.47,2,0,311,10
-1.27,1.37,4.52,2,0,313,10
-1.35,1.35,4.64,2,0,312,10
-1.33,1.38,4.40,2,0,312,10
-1.34,1.35,4.48,2,0,312,10
-1.37,1.36,4.50,2,0,312,10
-1.29,1.33,4.48,2,0,313,10
-1.37,1.35,4.51,2,0,314,10
-1.36,1.35,4.50,2,0,315,10
-1.34,1.39,4.51,2,0,315,10
-1.34,1.37,4.50,2,0,315,10
-1.38,1.35,4.57,2,0,316,10
-1.36,1.36,4.43,2,0,315,10
-1.33,1.34,4.53,2,0,314,10
-1.37,1.30,4.50,2,0,313,10
-1.25,1.37,4.50,2,0,313,10
-1.37,1.29,4.58,2,0,313,10
-1.31,1.37,4.47,2,0,315,10
-1.37,1.25,4.49,2,0,316,10
-1.27,1.36,4.47,2,0,315,10
-1.36,1.34,4.51,2,0,315,10
-1.34,1.36,4.55,2,0,316,10
-1.36,1.32,4.44,2,0,316,10
-1.32,1.36,4.62,2,0,316,10
-1.40,1.34,4.50,2,0,316,10
-1.33,1.31,4.68,2,0,316,10
-1.40,1.29,4.49,2,0,316,10
-1.26,1.44,4.61,2,0,316,10
-1.31,1.34,4.50,2,0,315,10
-1.34,1.34,4.57,2,0,315,10
-1.36,1.36,4.55,2,0,316,10
-1.39,1.31,4.46,2,0,317,10
-1.37,1.30,4.48,2,0,318,10
-1.34,1.34,4.48,2,0,318,10
-1.40,1.27,4.49,2,0,318,10
-1.36,1.35,4.58,2,0,318,10
-1.37,1.30,4.45,2,0,318,10
-1.33,1.36,4.26,2,0,319,10
-1.36,1.26,4.51,2,0,318,10
-1.37,1.35,4.51,2,0,319,10
-1.37,1.31,4.49,2,0,318,10
-1.42,1.25,4.50,2,0,319,10
-1.22,1.38,4.56,2,0,319,10
-1.37,1.25,4.54,2,0,319,10
-1.37,1.33,4.54,2,0,320,10
-1.39,1.31,4.62,2,0,319,10
-1.39,1.32,4.36,2,0,320,10
-1.31,1.36,4.55,2,0,319,10
-1.45,1.20,4.50,2,0,320,10
-1.32,1.35,4.64,2,0,320,10
-1.38,1.26,4.47,2,0,319,10
-1.34,1.28,4.51,2,0,319,10
-1.30,1.29,4.46,2,0,320,10
-1.34,1.33,4.53,2,0,320,10
-1.41,1.30,4.28,2,0,320,10
-1.46,1.35,4.58,2,0,321,10
-1.35,1.33,4.55,2,0,320,10
-1.37,1.29,4.41,2,0,321,10
-1.31,1.33,4.60,2,0,321,10
-1.41,1.33,4.48,2,0,318,10
-1.39,1.30,4.40,2,0,319,10
-1.40,1.31,4.39,2,0,319,10
-1.37,1.31,4.48,2,0,319,10
-1.31,1.36,4.50,2,0,317,10
-1.39,1.29,4.47,2,0,318,10
-1.36,1.32,4.49,2,0,319,10
-1.35,1.30,4.40,2,0,317,10
-1.34,1.34,4.50,2,0,319,10
-1.42,1.27,4.70,2,0,319,10
-1.35,1.31,4.48,2,0,319,10
-1.31,1.32,4.47,2,0,318,10
-1.36,1.28,4.53,2,0,319,10
-1.30,1.33,4.55,2,0,319,10
-1.30,1.33,4.43,2,0,319,10
-1.36,1.29,4.51,2,0,320,10
-1.34,1.32,4.55,2,0,319,10
-1.33,1.32,4.49,2,0,319,10
-1.40,1.32,4.59,2,0,319,10
-1.46,1.40,4.50,2,0,320,10
-1.41,1.12,4.69,2,0,320,10
-1.20,1.28,4.41,2,0,321,10
-1.24,1.26,4.71,2,0,321,10
1.99,-0.21,1.68,2,0,321,10
-1.27,1.94,3.88,2,0,321,10
-0.52,1.53,4.80,2,0,318,10
-1.01,1.67,3.02,2,0,314,10
-0.79,1.98,4.88,2,0,312,10
-1.73,0.42,4.53,0,0,118,10
-1.71,0.41,4.58,0,0,118,10
-1.72,0.40,4.56,0,0,118,10
-1.75,0.39,4.55,0,0,118,10
-1.74,0.41,4.55,0,0,118,10
-1.73,0.38,4.57,0,0,118,10
-1.73,0.38,4.57,0,0,117,10
-1.74,0.38,4.58,0,0,117,10
-1.73,0.39,4.57,0,0,117,10
-1.72,0.41,4.55,0,0,117,10
-1.72,0.40,4.55,0,0,117,10
-1.71,0.46,4.59,0,0,118,10
-1.71,0.42,4.59,0,0,118,10
-1.71,0.46,4.54,0,0,118,10
-1.71,0.48,4.61,0,0,118,10
-1.70,0.48,4.60,0,0,118,10
-1.71,0.45,4.58,0,0,118,10
-1.70,0.47,4.55,0,0,118,10
-1.71,0.48,4.54,0,0,118,10
-1.68,0.51,4.57,0,0,118,10
-1.70,0.50,4.55,0,0,119,10
-1.70,0.50,4.61,0,0,117,10
-1.70,0.51,4.56,0,0,119,10
-1.70,0.47,4.58,0,0,119,10
-1.68,0.42,4.50,0,0,118,10
-1.69,0.49,4.53,0,0,118,10
-1.66,0.60,4.67,0,0,117,10
-1.62,0.55,4.69,0,0,117,10
-1.90,0.85,4.32,0,0,118,10
-1.74,0.51,4.58,0,0,118,10
-1.90,0.49,4.62,0,0,118,10
-1.79,0.41,4.40,0,0,119,10
-1.86,0.36,4.39,0,0,118,10
-1.82,0.22,4.54,0,0,118,10
-1.96,0.58,4.42,2,0,117,10
-1.92,0.29,4.40,2,0,117,10
-1.87,0.27,4.68,2,0,116,10
-1.87,0.22,4.69,2,0,116,10
-1.96,0.31,4.43,2,0,117,10
-2.02,0.19,4.49,2,0,116,10
-1.87,0.33,4.33,2,0,116,10
-1.84,0.56,4.44,2,0,117,10
-1.80,0.56,4.66,6,0,116,10
-1.76,0.51,4.54,6,0,115,10
-1.72,0.85,4.28,6,0,116,10
-1.75,0.81,4.98,6,0,115,10
-1.75,0.80,4.40,6,0,115,10
-1.85,1.13,4.40,6,0,116,10
-1.64,0.68,4.75,6,0,116,10
-1.32,0.88,4.22,6,0,117,10
-2.33,1.41,5.21,6,0,117,10
-1.53,0.81,4.80,6,0,118,10
-1.85,1.40,4.12,6,0,117,10
-2.15,1.12,4.68,6,0,119,10
-1.75,0.68,4.38,6,0,117,10
-2.11,0.69,4.41,6,0,118,10
-2.14,0.52,4.05,6,0,118,10
-2.26,0.71,4.15,6,0,118,10
-2.25,0.42,4.72,6,0,118,10
-1.82,0.79,4.21,6,0,118,10
-2.31,0.66,4.44,6,0,118,10
-1.99,0.66,4.16,6,0,117,10
-2.07,0.17,4.37,6,0,117,10
-2.44,1.35,5.34,6,0,117,10
-2.44,0.72,4.37,6,0,116,10
-2.25,0.45,4.31,6,0,117,10
-2.02,0.28,4.34,6,0,117,10
-1.98,0.39,4.63,6,0,117,10
-1.39,-0.08,5.75,6,0,117,10
-1.96,0.51,4.83,6,0,117,10
-1.49,0.31,4.80,6,0,117,10
-1.65,0.77,4.71,6,0,117,10
-1.65,0.56,4.56,6,0,118,10
-1.44,0.48,4.67,6,0,118,10
-1.13,0.65,4.75,6,0,117,10
-1.10,0.55,4.86,6,0,116,10
-1.42,0.82,4.76,6,0,118,10
-1.10,1.18,4.52,6,0,116,10
-1.04,0.71,4.51,6,0,115,10
-0.80,1.16,4.98,6,0,117,10
-0.71,1.11,4.70,6,0,115,10
-0.48,1.18,4.83,6,0,116,10
-0.52,1.28,4.55,6,0,115,10
-0.23,1.44,4.60,6,0,115,10
-0.45,1.46,4.66,6,0,115,10
-0.15,1.54,4.39,6,0,115,10
-0.12,1.58,4.71,6,0,115,10
0.23,1.79,4.64,6,0,113,10
-0.28,1.72,4.63,6,0,114,10
0.04,1.62,4.59,6,0,115,10
0.01,1.58,4.53,6,0,114,10
-0.03,1.59,4.65,6,0,115,10
-0.03,1.51,4.71,6,0,115,10
-0.50,1.54,4.76,6,0,115,10
-0.47,1.30,4.57,6,0,116,10
-0.69,1.99,4.93,6,0,116,10
-1.28,0.99,4.53,6,0,117,10
-0.85,1.02,4.69,6,0,115,10
-1.21,0.76,4.65,6,0,115,10
-1.39,0.66,4.57,6,0,115,10
-1.65,0.43,4.34,6,0,115,10
-1.81,-0.01,4.68,6,0,115,10
-1.67,0.26,4.59,6,0,115,10
-1.81,-0.46,4.50,6,0,115,10
-1.45,-0.02,4.77,6,0,115,10
-1.89,-0.56,4.12,6,0,117,10
-1.84,-0.47,4.76,6,0,115,10
-2.11,-0.42,4.10,6,0,115,10
-1.98,-0.58,4.50,6,0,116,10
-2.08,-0.64,4.32,6,0,116,10
-2.04,-0.64,4.32,6,0,116,10
-2.03,-0.72,4.23,6,0,116,10
-2.38,-0.66,4.08,6,0,117,10
-2.09,-0.79,4.17,6,0,116,10
-2.29,-0.83,4.37,6,0,117,10
-1.95,-0.99,4.35,6,0,117,10
-1.96,-0.90,4.33,6,0,117,10
-2.13,-0.83,4.08,6,0,118,10
-1.92,-0.72,4.48,6,0,118,10
-2.09,-0.73,4.40,6,0,118,10
-2.01,-0.82,4.35,6,0,115,10
-2.00,-0.69,4.39,6,0,115,10
-2.00,-0.74,4.45,6,0,116,10
-2.06,-0.70,4.48,6,0,115,10
-1.96,-0.84,4.27,6,0,117,10
-1.82,-0.81,4.35,6,0,117,10
-2.02,-0.81,4.40,6,0,117,10
-1.94,-0.74,4.36,6,0,118,10
-1.93,-0.76,4.53,6,0,118,10
-2.00,-0.73,4.37,6,0,117,10
-1.92,-0.70,4.35,6,0,117,10
-1.87,-0.79,4.43,6,0,118,10
-2.04,-0.67,4.43,6,0,117,10
-1.84,-0.95,4.47,6,0,117,10
-1.94,-0.69,4.57,6,0,117,10
-1.99,-0.82,4.38,6,0,119,10
-1.98,-0.91,4.33,6,0,118,10
-2.04,-0.85,4.34,6,0,119,10
-2.09,-0.79,4.34,6,0,121,10
-2.11,-0.89,4.35,6,0,120,10
-2.05,-0.80,4.45,6,0,121,10
-2.03,-0.93,4.34,6,0,121,10
-2.08,-0.95,4.34,6,0,121,10
-2.26,-0.79,4.67,6,0,120,10
-2.25,-0.81,4.31,6,0,120,10
-2.11,-0.69,4.41,6,0,121,10
-2.15,-0.70,4.41,6,0,117,10
-1.96,-0.70,4.41,6,0,117,10
-2.15,-0.71,4.36,6,0,119,10
-2.14,-0.74,4.24,6,0,117,10
-2.22,-0.80,4.32,6,0,118,10
-1.92,-0.88,4.30,6,0,118,10
-2.00,-0.69,4.39,6,0,118,10
-1.97,-0.88,4.39,6,0,116,10
-1.97,-0.77,4.40,6,0,117,10
-2.01,-0.78,4.61,6,0,118,10
-1.98,-0.83,4.36,6,0,116,10
-1.97,-0.87,4.31,6,0,118,10
-2.01,-0.94,4.30,6,0,118,10
-2.00,-0.84,4.40,6,0,119,10
-2.00,-0.95,4.67,6,0,119,10
-2.03,-0.61,4.30,6,0,121,10
-2.16,-0.85,4.16,6,0,120,10
-2.19,-0.86,4.67,6,0,117,10
-1.99,-0.90,4.30,6,0,120,10
-1.93,-0.88,4.47,6,0,120,10
-1.77,-0.80,4.43,6,0,121,10
-1.84,-0.85,4.38,6,0,122,10
-1.69,-0.74,4.48,6,0,122,10
-1.31,-0.36,5.03,6,0,121,10
-1.39,-0.39,3.68,6,0,119,10
-0.61,0.51,4.89,4,0,237,10
-0.19,0.15,4.87,4,0,236,10
-0.20,0.18,4.85,4,0,241,10
-0.19,0.12,4.84,4,0,242,10
-0.20,0.17,4.87,4,0,244,10
-0.19,0.12,4.85,4,0,237,10
-0.09,0.12,4.86,4,0,241,10
-0.11,0.08,4.83,4,0,244,10
-0.05,0.11,4.90,4,0,243,10
-0.14,0.12,4.85,4,0,247,10
-0.20,0.13,4.84,4,0,250,10
-0.20,0.15,4.87,4,0,250,10
-0.20,0.12,4.87,4,0,249,10
-0.22,0.15,4.87,4,0,252,10
-0.20,0.13,4.86,4,0,249,10
-0.19,0.15,4.84,4,0,251,10
-0.18,0.14,4.87,4,0,250,10
-0.20,0.15,4.87,4,0,250,10
-0.18,0.14,4.83,4,0,252,10
-0.20,0.13,4.81,4,0,253,10
-0.21,0.14,4.86,4,0,252,10
-0.18,0.11,4.86,4,0,254,10
-0.20,0.15,4.87,4,0,252,10
-0.18,0.15,4.88,4,0,255,10
-0.21,0.17,4.86,4,0,255,10
-0.20,0.11,4.86,4,0,256,10
-0.19,0.13,4.84,4,0,257,10
-0.20,0.13,4.88,4,0,256,10
-0.21,0.15,4.85,4,0,258,10
-0.19,0.13,4.88,4,0,258,10
-0.18,0.12,4.86,4,0,258,10
-0.21,0.16,4.87,4,0,257,10
-0.20,0.13,4.84,4,0,258,10
-0.20,0.17,4.86,4,0,252,10
-0.21,0.14,4.84,4,0,250,10
-0.19,0.16,4.86,4,0,253,10
-0.19,0.12,4.85,4,0,252,10
-0.20,0.12,4.85,4,0,253,10
-0.19,0.16,4.82,4,0,256,10
-0.21,0.12,4.86,4,0,256,10
-0.20,0.15,4.83,4,0,257,10
-0.19,0.14,4.86,4,0,253,10
-0.20,0.15,4.84,4,0,247,10
-0.18,0.12,4.84,4,0,252,10
-0.19,0.16,4.83,4,0,249,10
-0.20,0.15,4.88,4,0,249,10
-0.19,0.15,4.84,4,0,236,10
-1.00,0.79,4.31,4,0,238,10
-0.22,0.16,4.97,4,0,241,10
-0.22,0.01,5.33,4,0,243,10
-0.21,0.15,4.90,0,0,246,10
-0.27,0.16,4.47,0,0,247,10
-0.16,0.07,4.79,0,0,250,10
-0.23,0.18,4.86,0,0,248,10
-0.36,1.83,4.69,0,0,251,10
-0.18,0.15,4.80,0,0,251,10
-0.17,0.36,4.85,0,0,251,10
-0.82,-0.48,4.38,2,0,253,10
-0.05,0.02,4.81,2,0,253,10
-0.41,0.69,4.54,2,0,253,10
-0.19,0.07,4.75,2,0,254,10
-0.35,0.15,4.81,2,0,253,10
-0.13,0.12,4.86,2,0,254,10
-0.15,0.11,4.87,2,0,254,10
0.52,-0.17,3.56,2,0,253,10
-0.18,0.14,4.87,2,0,255,10
-0.18,0.14,4.89,2,0,250,10
-0.20,0.11,4.85,2,0,242,10
-0.21,0.10,4.66,2,0,243,10
-0.19,0.10,4.90,2,0,243,10
-0.23,0.12,5.09,2,0,245,10
-0.18,0.07,5.08,2,0,245,10
-0.17,-0.11,4.86,2,0,241,10
-0.26,-0.15,4.64,2,0,245,10
-0.20,-0.21,4.58,2,0,236,10
-0.11,-0.65,4.86,0,0,241,10
-0.01,-0.50,4.35,0,0,246,10
-1.18,0.82,4.83,0,0,246,10
-0.18,-0.42,4.79,0,0,250,10
-0.18,-0.40,4.81,0,0,251,10
-0.20,-0.41,4.79,0,0,252,10
-0.17,-0.39,4.87,0,0,252,10
-0.19,-0.37,4.81,0,0,254,10
-0.20,-0.35,4.87,0,0,256,10
-0.17,-0.33,4.81,0,0,254,10
-0.34,-0.21,4.89,0,0,256,10
-0.22,-0.19,4.92,0,0,257,10
-0.18,-0.28,4.72,0,0,255,10
-0.19,-0.40,4.61,0,0,256,10
-0.19,-0.31,4.87,0,0,253,10
-0.20,-0.14,4.88,0,0,253,10
-0.19,-0.05,5.01,0,0,252,10
-0.33,0.05,4.92,0,0,253,10
-0.30,0.10,4.98,0,0,255,10
-0.22,0.04,4.81,0,0,254,10
-0.17,0.00,4.77,0,0,258,10
-0.13,0.09,4.82,0,0,257,10
-0.22,0.14,4.86,0,0,257,10
-0.20,0.13,4.86,0,0,256,10
-0.18,0.13,4.87,0,0,257,10
-0.28,0.14,4.87,0,0,258,10
-0.18,0.13,4.85,0,0,259,10
-0.08,0.19,4.76,0,0,259,10
-0.17,0.15,4.87,0,0,260,10
-0.21,0.17,4.82,0,0,262,10
-0.19,0.15,4.84,0,0,256,10
-0.20,0.15,4.87,0,0,256,10
-0.18,0.14,4.86,0,0,258,10
-0.19,0.12,4.86,0,0,259,10
-0.20,0.13,4.85,0,0,260,10
-0.20,0.14,4.83,0,0,261,10
-0.20,0.13,4.85,0,0,262,10
-0.22,0.17,4.88,0,0,261,10
-0.20,0.13,4.87,0,0,260,10
-0.16,0.12,4.85,0,0,261,10
-0.22,0.16,4.84,0,0,262,10
-0.18,0.11,4.84,0,0,264,10
-0.20,0.02,4.80,0,0,263,10
-0.18,0.02,4.87,0,0,264,10
-0.22,-0.00,4.85,0,0,264,10
-0.20,0.05,4.87,0,0,265,10
-0.20,0.02,4.76,0,0,266,10
-0.19,0.12,4.96,0,0,265,10
-0.22,0.13,4.96,0,0,265,10
-0.20,0.10,4.72,0,0,265,10
-0.18,0.13,4.85,0,0,264,10
-0.19,0.12,4.79,0,0,265,10
-0.19,0.13,4.75,0,0,266,10
-0.20,0.15,4.83,0,0,266,10
-0.21,0.15,4.86,0,0,267,10
-0.20,0.13,4.86,0,0,267,10
-0.19,0.14,4.89,0,0,267,10
-0.22,0.15,4.87,0,0,266,10
0.02,0.11,4.75,0,0,266,10
-0.19,0.07,4.80,0,0,267,10
-0.18,0.05,4.85,0,0,267,10
-0.17,0.02,4.85,0,0,267,10
-0.24,0.10,4.78,0,0,268,10
-0.18,0.15,4.87,0,0,268,10
-0.20,0.16,4.89,0,0,268,10
-0.17,0.13,4.87,0,0,268,10
-0.12,0.12,4.87,0,0,268,10
-0.07,0.11,4.85,0,0,268,10
-0.21,0.14,4.87,0,0,269,10
-0.19,0.13,4.83,0,0,269,10
-0.21,0.13,4.86,0,0,268,10
-0.15,0.12,4.87,0,0,269,10
-0.19,0.16,4.87,0,0,269,10
-0.14,0.12,4.85,0,0,268,10
-0.19,0.16,4.85,0,0,268,10
-0.20,0.14,4.85,0,0,268,10
-0.20,0.13,4.84,0,0,267,10
-0.19,0.12,4.83,0,0,269,10
-0.18,0.13,4.83,0,0,269,10
-0.19,0.12,4.86,0,0,268,10
-0.19,0.13,4.85,0,0,268,10
-0.19,0.13,4.83,0,0,268,10
-0.18,0.11,4.83,0,0,268,10
-0.21,0.14,4.87,0,0,270,10
-0.20,0.14,4.82,0,0,270,10
-0.20,0.12,4.84,0,0,271,10
-0.20,0.14,4.84,0,0,270,10
-0.14,0.14,4.84,0,0,270,10
-0.20,0.15,4.87,0,0,269,10
-0.19,0.13,4.87,0,0,265,10
-0.18,0.14,4.91,0,0,267,10
-0.17,0.13,4.83,0,0,263,10
-0.21,0.14,4.87,0,0,263,10
-0.20,0.13,4.89,0,0,263,10
-0.19,0.13,4.85,0,0,264,10
-0.14,0.11,4.84,0,0,265,10
-0.19,0.15,4.87,0,0,265,10
-0.18,0.13,4.86,0,0,266,10
-0.20,0.13,4.88,0,0,265,10
-0.21,0.13,4.85,0,0,266,10
-0.19,0.12,4.86,0,0,267,10
-0.18,0.12,4.83,0,0,267,10
-0.21,0.14,4.86,0,0,267,10
-0.17,0.12,4.84,0,0,266,10
-0.19,0.14,4.84,0,0,268,10
-0.20,0.13,4.82,0,0,266,10
-0.18,0.14,4.82,0,0,268,10
-0.17,0.12,4.86,0,0,267,10
-0.19,0.15,4.84,0,0,266,10
-0.18,0.14,4.89,0,0,266,10
-0.19,0.14,4.85,0,0,266,10
-0.19,0.16,4.86,0,0,269,10
-0.15,1.02,5.30,0,0,268,10
-0.62,0.33,5.03,6,0,268,10
-0.04,-0.11,4.96,6,0,266,10
-0.03,-0.06,4.83,6,0,264,10
-0.90,0.37,4.75,6,0,263,10
-1.42,-0.26,6.34,6,0,259,10
-0.84,-0.68,5.46,6,0,258,10
-1.46,-0.67,5.80,6,0,261,10
-1.19,-0.07,5.42,4,0,261,10
-1.61,-0.23,4.59,4,0,263,10
-1.02,0.43,4.15,4,0,263,10
-0.12,0.27,5.43,4,0,261,10
-1.06,0.75,5.34,4,0,263,10
-0.51,-0.03,4.40,4,0,260,10
-0.94,0.85,5.64,4,0,261,10
-0.13,0.59,4.32,4,0,261,10
-4.02,3.83,8.32,6,0,262,10
0.86,-1.30,5.55,2,0,261,10
1.51,-0.54,5.48,2,0,262,10
-0.67,1.29,5.42,2,0,263,10
0.95,0.18,5.59,2,0,264,10
-0.40,1.41,4.27,2,0,262,10
-0.33,1.41,5.03,2,0,264,10
0.06,0.74,4.59,2,0,265,10
0.06,1.77,4.75,2,0,265,10
0.55,1.77,5.23,2,0,265,10
-0.16,0.14,4.88,6,0,158,10
-0.17,0.17,4.84,6,0,159,10
-0.17,0.16,4.88,6,0,157,10
-0.16,0.12,4.85,6,0,161,10
-0.17,0.15,4.86,6,0,161,10
-0.17,0.14,4.84,6,0,161,10
-0.15,0.15,4.84,6,0,161,10
-0.16,0.15,4.88,6,0,162,10
-0.17,0.15,4.85,6,0,163,10
-0.17,0.18,4.83,6,0,162,10
-0.18,0.15,4.85,6,0,158,10
-0.16,0.16,4.87,6,0,159,10
-0.16,0.17,4.85,6,0,161,10
-0.17,0.15,4.85,6,0,161,10
-0.16,0.16,4.84,6,0,159,10
-0.17,0.15,4.84,6,0,160,10
-0.17,0.12,4.83,6,0,160,10
-0.16,0.18,4.86,6,0,162,10
-0.15,0.15,4.88,6,0,163,10
-0.16,0.17,4.86,6,0,163,10
-0.16,0.15,4.85,6,0,163,10
-0.17,0.15,4.87,6,0,164,10
-0.17,0.15,4.86,6,0,163,10
-0.17,0.17,4.88,6,0,164,10
-0.15,0.16,4.86,6,0,165,10
-0.17,0.16,4.83,6,0,164,10
-0.16,0.14,4.85,6,0,165,10
-0.16,0.13,4.87,6,0,164,10
-0.17,0.16,4.86,6,0,165,10
-0.15,0.16,4.82,6,0,165,10
-0.16,0.15,4.83,6,0,165,10
-0.15,0.15,4.86,6,0,165,10
-0.17,0.17,4.82,6,0,166,10
-0.15,0.16,4.86,6,0,164,10
-0.14,0.17,4.84,6,0,166,10
-0.17,0.18,4.85,6,0,164,10
-0.17,0.14,4.84,6,0,163,10
-0.14,0.18,4.86,6,0,164,10
-0.18,0.15,4.86,6,0,165,10
-0.18,0.15,4.87,6,0,166,10
-0.16,0.16,4.86,6,0,165,10
-0.16,0.15,4.87,6,0,165,10
-0.16,0.16,4.86,6,0,166,10
-0.18,0.17,4.86,6,0,165,10
-0.15,0.14,4.86,6,0,166,10
-0.15,0.16,4.85,6,0,167,10
-0.16,0.17,4.84,6,0,165,10
-0.16,0.14,4.86,6,0,166,10
-0.17,0.18,4.87,6,0,167,10
-0.17,0.16,4.86,6,0,167,10
-0.17,0.16,4.83,6,0,166,10
-0.16,0.17,4.87,6,0,167,10
-0.16,0.16,4.85,6,0,167,10
-0.17,0.16,4.85,6,0,166,10
-0.14,0.17,4.85,6,0,167,10
-0.16,0.16,4.83,6,0,167,10
-0.17,0.15,4.89,6,0,167,10
-0.17,0.14,4.85,6,0,168,10
-0.16,0.17,4.83,6,0,169,10
-0.17,0.17,4.88,6,0,169,10
-0.16,0.16,4.86,6,0,168,10
-0.16,0.14,4.84,6,0,168,10
-0.19,0.15,4.87,6,0,169,10
-0.17,0.14,4.85,6,0,168,10
-0.17,0.17,4.84,6,0,169,10
-0.16,0.15,4.84,6,0,169,10
-0.16,0.16,4.83,6,0,168,10
-0.16,0.15,4.87,6,0,169,10
-0.17,0.14,4.87,6,0,168,10
-0.18,0.15,4.87,6,0,168,10
-0.17,0.16,4.88,6,0,169,10
-0.18,0.16,4.87,6,0,169,10
-0.17,0.16,4.88,6,0,169,10
-0.20,0.15,4.85,6,0,169,10
-0.16,0.17,4.84,6,0,169,10
-0.16,0.16,4.87,6,0,169,10
-0.16,0.15,4.85,6,0,170,10
-0.17,0.14,4.86,6,0,169,10
-0.16,0.15,4.85,6,0,170,10
-0.16,0.16,4.83,6,0,169,10
-0.17,0.13,4.87,6,0,170,10
-0.17,0.17,4.84,6,0,169,10
-0.16,0.14,4.84,6,0,170,10
-0.17,0.15,4.87,6,0,170,10
-0.17,0.15,4.83,6,0,170,10
-0.16,0.13,4.87,6,0,169,10
-0.16,0.14,4.85,6,0,170,10
-0.17,0.17,4.87,6,0,170,10
-0.15,0.15,4.83,6,0,168,10
-0.17,0.17,4.86,6,0,170,10
-0.17,0.15,4.88,6,0,170,10
-0.16,0.15,4.87,6,0,170,10
-0.17,0.16,4.87,6,0,170,10
-0.15,0.15,4.84,6,0,171,10
-0.16,0.17,4.82,6,0,170,10
-0.17,0.15,4.87,6,0,168,10
-0.17,0.14,4.85,6,0,169,10
-0.15,0.15,4.89,6,0,169,10
-0.18,0.13,4.85,6,0,169,10
-0.17,0.14,4.83,6,0,169,10
-0.14,0.17,4.86,6,0,170,10
-0.17,0.13,4.84,6,0,170,10
-0.17,0.16,4.87,6,0,169,10
-0.15,0.18,4.86,6,0,170,10
-0.16,0.13,4.86,6,0,170,10
-0.17,0.17,4.87,6,0,170,10
-0.16,0.13,4.86,6,0,170,10
-0.16,0.16,4.85,6,0,170,10
-0.16,0.16,4.86,6,0,171,10
-0.17,0.14,4.87,6,0,170,10
-0.16,0.15,4.85,6,0,171,10
-0.16,0.16,4.86,6,0,170,10
-0.16,0.14,4.84,6,0,171,10
-0.17,0.15,4.86,6,0,170,10
-0.17,0.15,4.84,6,0,169,10
-0.16,0.14,4.86,6,0,170,10
-0.17,0.16,4.85,6,0,168,10
-0.17,0.16,4.84,6,0,171,10
-0.17,0.18,4.85,6,0,170,10
-0.18,0.15,4.84,6,0,169,10
-0.17,0.18,4.87,6,0,171,10
-0.18,0.16,4.87,6,0,171,10
-0.17,0.17,4.87,6,0,171,10
-0.17,0.16,4.85,6,0,169,10
-0.18,0.15,4.84,6,0,170,10
-0.19,0.16,4.86,6,0,171,10
-0.16,0.14,4.81,6,0,169,10
-0.15,0.16,4.86,6,0,170,10
-0.16,0.17,4.85,6,0,171,10
-0.17,0.16,4.86,6,0,171,10
-0.18,0.16,4.85,6,0,171,10
-0.17,0.14,4.84,6,0,170,10
-0.17,0.16,4.87,6,0,171,10
-0.16,0.17,4.86,6,0,171,10
-0.17,0.13,4.84,6,0,171,10
-0.17,0.16,4.87,6,0,171,10
-0.17,0.17,4.86,6,0,171,10
-0.16,0.18,4.84,6,0,171,10
-0.17,0.18,4.85,6,0,170,10
-0.18,0.15,4.86,6,0,171,10
-0.17,0.15,4.85,6,0,172,10
-0.16,0.15,4.87,6,0,171,10
-0.17,0.14,4.86,6,0,171,10
-0.17,0.15,4.86,6,0,171,10
-0.17,0.15,4.85,6,0,172,10
-0.17,0.16,4.85,6,0,171,10
-0.17,0.15,4.88,6,0,172,10
-0.17,0.14,4.84,6,0,172,10
-0.17,0.16,4.85,6,0,171,10
-0.17,0.15,4.86,6,0,172,10
-0.16,0.15,4.84,6,0,172,10
-0.15,0.15,4.87,6,0,172,10
-0.17,0.16,4.88,6,0,172,10
-0.17,0.14,4.85,6,0,172,10
-0.19,0.18,4.84,6,0,173,10
-0.15,0.14,4.86,6,0,172,10
-0.17,0.16,4.85,6,0,172,10
-0.16,0.16,4.85,6,0,171,10
-0.16,0.16,4.87,6,0,171,10
-0.18,0.17,4.88,6,0,171,10
-0.15,0.17,4.85,6,0,171,10
-0.18,0.15,4.86,6,0,171,10
-0.16,0.17,4.84,6,0,172,10
-0.16,0.13,4.83,6,0,171,10
-0.16,0.16,4.86,6,0,173,10
-0.18,0.16,4.83,6,0,172,10
-1.38,1.21,2.58,3,0,170,10
-1.09,-0.35,7.22,4,0,168,10
-1.48,0.51,4.83,4,0,168,10
-1.11,-0.07,4.94,4,0,166,10
-0.16,0.16,4.86,0,0,227,10
-0.17,0.13,4.84,0,0,227,10
-0.16,0.15,4.87,0,0,227,10
-0.16,0.14,4.84,0,0,225,10
-0.17,0.15,4.85,0,0,227,10
-0.16,0.17,4.88,0,0,228,10
-0.17,0.15,4.85,0,0,229,10
-0.17,0.15,4.84,0,0,231,10
-0.17,0.17,4.87,0,0,231,10
-0.17,0.16,4.86,0,0,230,10
-0.17,0.15,4.86,0,0,230,10
-0.17,0.17,4.86,0,0,230,10
-0.17,0.15,4.84,0,0,225,10
-0.19,0.16,4.86,0,0,226,10
-0.17,0.16,4.86,0,0,226,10
-0.17,0.17,4.84,0,0,227,10
-0.17,0.17,4.86,0,0,229,10
-0.17,0.14,4.84,0,0,230,10
-0.17,0.17,4.84,0,0,230,10
-0.17,0.14,4.90,0,0,228,10
-0.17,0.16,4.84,0,0,228,10
-0.16,0.15,4.87,0,0,228,10
-0.16,0.17,4.85,0,0,230,10
-0.17,0.15,4.86,0,0,231,10
-0.18,0.15,4.86,0,0,232,10
-0.17,0.14,4.88,0,0,231,10
-0.17,0.17,4.83,0,0,232,10
-0.15,0.17,4.85,0,0,230,10
-0.17,0.16,4.84,0,0,232,10
-0.16,0.14,4.90,0,0,234,10
-0.17,0.15,4.81,0,0,233,10
-0.16,0.17,4.85,0,0,233,10
-0.17,0.17,4.87,0,0,233,10
-0.17,0.15,4.87,0,0,233,10
-0.18,0.14,4.83,0,0,231,10
-0.17,0.17,4.85,0,0,232,10
-0.14,0.15,4.84,0,0,231,10
-0.16,0.16,4.88,0,0,231,10
-0.15,0.16,4.85,0,0,233,10
-0.17,0.16,4.85,0,0,233,10
-0.18,0.17,4.86,0,0,233,10
-0.19,0.17,4.86,0,0,234,10
-0.16,0.17,4.87,0,0,233,10
-0.17,0.14,4.87,0,0,232,10
-0.17,0.16,4.83,0,0,233,10
-0.17,0.16,4.83,0,0,233,10
-0.17,0.15,4.85,0,0,233,10
-0.17,0.16,4.88,0,0,233,10
-0.17,0.16,4.85,0,0,233,10
-0.16,0.15,4.84,0,0,234,10
-0.17,0.16,4.86,0,0,234,10
-0.18,0.17,4.88,0,0,233,10
-0.16,0.17,4.87,0,0,234,10
-0.16,0.16,4.84,0,0,235,10
-0.15,0.14,4.86,0,0,235,10
-0.18,0.16,4.85,0,0,235,10
-0.16,0.14,4.87,0,0,233,10
-0.17,0.16,4.86,0,0,226,10
-0.16,0.16,4.88,0,0,217,10
-0.17,0.14,4.87,0,0,216,10
-0.15,0.17,4.87,0,0,215,10
-0.17,0.13,4.86,0,0,218,10
-0.17,0.15,4.85,0,0,221,10
-0.17,0.17,4.83,0,0,221,10
-0.17,0.17,4.86,0,0,223,10
-0.17,0.16,4.85,0,0,226,10
-0.17,0.16,4.84,0,0,224,10
-0.18,0.15,4.87,0,0,224,10
-0.17,0.16,4.83,0,0,225,10
-0.16,0.14,4.84,0,0,218,10
-0.17,0.17,4.85,0,0,223,10
-0.15,0.18,4.86,0,0,220,10
-0.16,0.14,4.86,0,0,219,10
-0.16,0.16,4.85,0,0,222,10
-0.17,0.14,4.86,0,0,223,10
-0.19,0.16,4.86,0,0,224,10
-0.16,0.14,4.87,0,0,225,10
-0.17,0.15,4.87,0,0,227,10
-0.18,0.17,4.86,0,0,230,10
-0.16,0.15,4.85,0,0,230,10
-0.17,0.18,4.86,0,0,232,10
-0.17,0.17,4.85,0,0,232,10
-0.16,0.16,4.87,0,0,233,10
-0.15,0.16,4.83,0,0,232,10
-0.17,0.16,4.86,0,0,233,10
-0.16,0.17,4.86,0,0,233,10
-0.16,0.17,4.88,0,0,234,10
-0.16,0.16,4.87,0,0,234,10
-0.17,0.18,4.85,0,0,234,10
-0.17,0.14,4.90,0,0,234,10
-0.16,0.17,4.83,0,0,235,10
-0.17,0.17,4.87,0,0,235,10
-0.17,0.16,4.86,0,0,236,10
-0.15,0.17,4.85,0,0,236,10
-0.16,0.15,4.83,0,0,236,10
-0.18,0.16,4.85,0,0,237,10
-0.17,0.14,4.88,0,0,235,10
-0.16,0.16,4.86,0,0,233,10
-0.17,0.15,4.87,0,0,235,10
-0.16,0.16,4.85,0,0,234,10
-0.17,0.18,4.85,0,0,234,10
-0.16,0.17,4.85,0,0,234,10
-0.18,0.16,4.84,0,0,235,10
-0.15,0.14,4.87,0,0,236,10
-0.17,0.17,4.89,0,0,236,10
-0.17,0.16,4.86,0,0,236,10
-0.18,0.16,4.82,0,0,237,10
-0.18,0.14,4.88,0,0,237,10
-0.17,0.16,4.84,0,0,238,10
-0.16,0.17,4.85,0,0,238,10
-0.17,0.15,4.87,0,0,238,10
-0.17,0.17,4.86,0,0,237,10
-0.16,0.15,4.84,0,0,236,10
-0.16,0.15,4.86,0,0,235,10
-0.17,0.16,4.84,0,0,235,10
-0.17,0.16,4.89,0,0,235,10
-0.16,0.15,4.88,0,0,237,10
-0.17,0.16,4.86,0,0,237,10
-0.17,0.15,4.86,0,0,236,10
-0.18,0.16,4.86,0,0,236,10
-0.17,0.15,4.86,0,0,236,10
-0.16,0.15,4.86,0,0,237,10
-0.16,0.17,4.85,0,0,237,10
-0.18,0.18,4.83,0,0,235,10
-0.16,0.15,4.85,0,0,234,10
-0.17,0.15,4.85,0,0,235,10
-0.17,0.16,4.85,0,0,234,10
-0.18,0.16,4.85,0,0,235,10
-0.16,0.13,4.83,0,0,234,10
-0.16,0.17,4.87,0,0,232,10
-0.18,0.14,4.87,0,0,234,10
-0.17,0.14,4.86,0,0,234,10
-0.17,0.16,4.87,0,0,232,10
-0.18,0.15,4.85,0,0,235,10
-0.17,0.18,4.87,0,0,235,10
-0.16,0.17,4.87,0,0,235,10
-0.16,0.16,4.86,0,0,236,10
-0.17,0.14,4.85,0,0,237,10
-0.18,0.17,4.85,0,0,237,10
-0.15,0.16,4.90,0,0,237,10
-0.19,0.16,4.86,0,0,239,10
-0.15,0.14,4.86,0,0,240,10
-0.16,0.18,4.87,0,0,239,10
-0.17,0.17,4.86,0,0,240,10
-0.17,0.17,4.83,0,0,240,10
-0.19,0.19,4.84,0,0,241,10
-0.16,0.15,4.83,0,0,241,10
-0.21,0.15,4.86,0,0,241,10
-0.12,0.15,4.83,0,0,238,10
-0.19,0.14,4.85,0,0,238,10
-0.16,0.16,4.84,0,0,240,10
-0.17,0.17,4.86,0,0,240,10
-0.17,0.15,4.86,0,0,241,10
0.00,0.12,4.84,0,0,241,10
-0.20,0.19,4.85,0,0,238,10
-0.17,0.15,4.86,0,0,232,10
-0.13,0.17,4.82,0,0,232,10
-0.18,0.18,4.88,0,0,233,10
-0.50,0.25,4.91,0,0,233,10
-0.07,0.06,4.84,0,0,234,10
-0.10,0.07,4.82,0,0,225,10
-0.19,0.14,4.87,0,0,227,10
-0.15,0.17,4.94,0,0,224,10
-0.15,0.11,4.82,0,0,224,10
-0.14,0.12,4.83,0,0,226,10
-0.17,0.18,4.84,0,0,220,10
-0.22,0.18,4.85,0,0,223,10
-0.16,0.14,4.86,0,0,219,10
-0.17,0.18,4.84,0,0,221,10
-0.15,0.16,4.87,0,0,224,10
-0.17,0.17,4.85,0,0,220,10
-0.24,0.22,4.88,0,0,219,10
-1.67,1.42,13.53,0,0,208,10
0.87,0.88,4.07,4,0,215,10
-0.42,-0.60,3.88,2,0,213,10
-1.31,0.93,6.04,2,0,212,10
4.57,-3.11,10.55,2,0,209,10
