-0.37,-0.86,-4.84,1,1,252,10
-0.37,-0.85,-4.82,1,1,252,10
-0.38,-0.86,-4.82,1,1,253,10
-0.38,-0.87,-4.86,1,1,255,10
-0.36,-0.87,-4.79,1,1,253,10
-0.36,-0.87,-4.81,1,1,253,10
-0.36,-0.86,-4.79,1,1,254,10
-0.36,-0.87,-4.82,1,1,254,10
-0.38,-0.86,-4.85,1,1,254,10
-0.36,-0.88,-4.77,1,1,256,10
-0.37,-0.86,-4.75,1,1,255,10
-0.36,-0.87,-4.83,1,1,254,10
-0.39,-0.87,-4.82,1,1,255,10
-0.38,-0.88,-4.75,1,1,255,10
-0.34,-0.87,-4.83,1,1,256,10
-0.37,-0.87,-4.78,1,1,256,10
-0.44,-0.82,-4.70,1,1,256,10
-0.36,-0.87,-4.89,1,1,256,10
-0.38,-0.88,-4.81,1,1,256,10
-0.39,-0.87,-4.83,1,1,256,10
-0.35,-0.88,-4.79,1,1,257,10
-0.33,-0.87,-4.92,1,1,258,10
-0.35,-0.87,-4.85,1,1,257,10
-0.36,-0.89,-4.78,1,1,257,10
-0.35,-0.87,-4.83,1,1,258,10
-0.36,-0.87,-4.86,1,1,257,10
-0.33,-0.87,-4.80,1,1,258,10
-0.36,-0.87,-4.85,1,1,257,10
-0.34,-0.89,-4.80,1,1,257,10
-0.24,-0.86,-4.73,1,1,257,10
-0.31,-0.91,-4.86,1,1,258,10
-0.31,-0.93,-4.84,1,1,258,10
-0.34,-0.89,-4.69,1,1,257,10
-0.29,-0.97,-4.72,1,1,258,10
-0.31,-0.95,-4.78,1,1,257,10
-0.29,-0.94,-4.81,1,1,257,10
-0.31,-0.96,-4.89,1,1,258,10
-0.31,-0.95,-4.75,1,1,258,10
-0.30,-0.96,-4.75,1,1,258,10
-0.27,-0.95,-4.78,1,1,259,10
-0.28,-0.97,-4.80,1,1,259,10
-0.28,-0.98,-4.81,1,1,258,10
-0.29,-0.96,-4.81,1,1,258,10
-0.29,-0.96,-4.84,1,1,259,10
-0.29,-0.97,-4.80,1,1,258,10
-0.28,-0.97,-4.81,1,1,258,10
-0.27,-0.98,-4.77,1,1,258,10
-0.28,-0.96,-4.77,1,1,259,10
-0.27,-0.98,-4.79,1,1,259,10
-0.29,-0.96,-4.83,1,1,258,10
-0.19,-1.03,-4.61,1,1,258,10
-0.24,-1.04,-4.77,1,1,258,10
-0.23,-1.05,-4.73,1,1,259,10
-0.23,-1.04,-4.74,1,1,259,10
-0.24,-1.04,-4.75,1,1,258,10
-0.22,-1.05,-4.77,1,1,259,10
-0.21,-1.03,-4.76,1,1,258,10
-0.23,-1.04,-4.77,1,1,259,10
-0.21,-1.05,-4.77,1,1,259,10
-0.27,-1.02,-4.87,1,1,259,10
-0.23,-1.04,-4.77,1,1,259,10
-0.23,-1.05,-4.81,1,1,258,10
-0.18,-1.10,-4.64,1,1,259,10
-0.22,-1.07,-4.77,1,1,258,10
-0.21,-1.07,-4.79,1,1,258,10
-0.09,-1.14,-4.78,1,1,259,10
-0.21,-1.09,-4.76,1,1,258,10
-0.17,-1.08,-4.72,1,1,259,10
-0.21,-1.08,-4.73,1,1,259,10
-0.20,-1.08,-4.75,1,1,258,10
-0.23,-1.06,-4.74,1,1,259,10
-0.23,-1.06,-4.74,1,1,259,10
-0.21,-1.08,-4.78,1,1,259,10
-0.20,-1.06,-4.75,1,1,259,10
-0.22,-1.10,-4.81,1,1,259,10
-0.19,-1.09,-4.76,1,1,260,10
-0.19,-1.10,-4.74,1,1,259,10
-0.22,-1.08,-4.76,1,1,259,10
-0.16,-1.11,-4.72,1,1,259,10
-0.21,-1.08,-4.77,1,1,259,10
-0.22,-1.10,-4.81,1,1,259,10
-0.21,-1.09,-4.76,1,1,260,10
-0.21,-1.07,-4.77,1,1,259,10
-0.23,-1.08,-4.80,1,1,259,10
-0.21,-1.07,-4.74,1,1,260,10
-0.22,-1.08,-4.78,1,1,259,10
-0.19,-1.07,-4.84,1,1,259,10
-0.21,-1.06,-4.77,1,1,260,10
-0.23,-1.08,-4.77,1,1,259,10
-0.21,-1.05,-4.77,1,1,260,10
-0.19,-1.07,-4.78,1,1,259,10
-0.22,-1.07,-4.78,1,1,259,10
-0.20,-1.07,-4.78,1,1,259,10
-0.19,-1.09,-4.73,1,1,260,10
-0.11,-1.11,-4.75,1,1,260,10
-0.23,-1.11,-4.49,1,1,260,10
-0.15,-1.12,-4.75,1,1,260,10
-0.16,-1.10,-4.75,1,1,260,10
-0.16,-1.13,-4.75,1,1,260,10
-0.17,-1.13,-4.76,1,1,259,10
-0.20,-1.12,-4.50,1,1,259,10
-0.14,-1.15,-4.78,1,1,260,10
-0.13,-1.14,-4.79,1,1,260,10
-0.12,-1.17,-4.60,1,1,260,10
-0.18,-1.15,-4.74,1,1,261,10
-0.18,-1.15,-4.70,1,1,261,10
-0.11,-1.16,-4.74,1,1,260,10
-0.13,-1.18,-4.77,1,1,260,10
-0.12,-1.16,-4.75,1,1,260,10
-0.14,-1.18,-4.73,1,1,260,10
-0.15,-1.15,-4.75,1,1,260,10
-0.12,-1.16,-4.75,1,1,260,10
-0.13,-1.15,-4.72,1,1,260,10
-0.14,-1.16,-4.71,1,1,260,10
-0.13,-1.18,-4.74,1,1,260,10
-0.14,-1.13,-4.74,1,1,261,10
-0.19,-1.16,-4.77,1,1,259,10
-0.09,-1.16,-4.71,1,1,81,10
-0.22,-1.14,-4.71,1,1,3,10
-0.22,-1.15,-4.67,1,1,3,10
0.39,-1.35,-4.50,1,0,3,10
-0.15,-1.29,-4.55,1,0,3,10
-0.07,-1.27,-4.69,1,0,3,10
-0.00,-1.25,-4.78,1,0,4,10
-0.09,-1.30,-4.63,1,0,5,10
-0.07,-1.25,-4.61,1,0,4,10
-0.04,-1.26,-4.68,1,0,4,10
-0.06,-1.23,-4.74,1,0,3,10
-0.05,-1.23,-4.80,1,0,3,10
-0.08,-1.23,-4.73,1,0,4,10
-0.07,-1.21,-4.87,1,0,4,10
-0.10,-1.22,-4.66,1,0,3,10
-0.07,-1.22,-4.85,1,0,3,10
-0.11,-1.23,-4.75,1,0,3,10
-0.05,-1.22,-4.72,1,0,3,10
-0.11,-1.21,-4.74,1,0,3,10
-0.07,-1.25,-4.74,1,0,3,10
-0.05,-1.23,-4.75,1,0,3,10
-0.08,-1.22,-4.68,1,0,4,10
-0.07,-1.22,-4.77,1,0,3,10
-0.07,-1.24,-4.71,1,0,3,10
-0.06,-1.22,-4.73,1,0,4,10
-0.06,-1.24,-4.73,1,0,3,10
-0.05,-1.25,-4.73,1,0,3,10
-0.08,-1.23,-4.73,1,0,3,10
-0.07,-1.24,-4.75,1,0,3,10
-0.06,-1.23,-4.72,1,0,4,10
-0.06,-1.23,-4.71,1,0,3,10
-0.06,-1.22,-4.74,1,0,3,10
-0.07,-1.24,-4.72,1,0,4,10
-0.07,-1.22,-4.74,1,0,4,10
-0.07,-1.22,-4.79,1,0,4,10
-0.07,-1.21,-4.72,1,0,4,10
-0.06,-1.20,-4.85,1,1,4,10
-0.11,-1.22,-4.72,1,1,3,10
-0.06,-1.23,-4.71,1,1,4,10
-0.08,-1.20,-4.75,1,1,4,10
-0.11,-1.20,-4.73,1,1,3,10
-0.63,-1.71,-8.06,1,1,4,10
0.60,-2.07,-7.25,1,1,34,10
0.15,-1.25,-5.83,1,1,53,10
0.10,-1.17,-5.25,1,1,73,10
-0.20,-1.10,-4.48,1,1,88,10
-0.45,-1.13,-4.38,1,1,91,10
-0.19,-1.15,-5.06,1,1,95,10
-0.15,-1.10,-4.98,1,1,98,10
-0.23,-1.15,-4.70,1,1,111,10
-0.19,-1.12,-4.64,1,1,115,10
-0.11,-1.16,-4.87,1,1,112,10
-0.15,-1.14,-4.72,1,1,121,10
-0.14,-1.13,-4.70,1,1,127,10
-0.13,-1.13,-4.76,1,1,117,10
-0.14,-1.10,-4.80,1,1,113,10
-0.16,-1.15,-4.73,1,1,111,10
-0.14,-1.09,-4.73,1,1,107,10
-0.15,-1.12,-4.74,1,1,118,10
-0.18,-1.12,-4.78,1,1,122,10
-0.19,-1.11,-4.77,1,1,133,10
-0.13,-1.13,-4.73,1,1,126,10
-0.14,-1.13,-4.75,1,1,124,10
-0.16,-1.13,-4.79,1,1,128,10
-0.15,-1.13,-4.74,1,1,137,10
-0.17,-1.11,-4.72,1,1,141,10
-0.12,-1.14,-4.76,1,1,138,10
-0.14,-1.14,-4.74,1,1,139,10
-0.15,-1.12,-4.73,1,1,145,10
-0.15,-1.14,-4.75,1,1,150,10
-0.13,-1.12,-4.76,1,1,150,10
-0.16,-1.15,-4.75,1,1,147,10
-0.15,-1.12,-4.75,1,1,151,10
-0.18,-1.13,-4.70,1,1,161,10
-0.04,-1.18,-4.75,1,1,162,10
-0.13,-1.07,-4.73,1,1,158,10
-0.15,-1.16,-4.78,1,1,160,10
-0.14,-1.17,-4.72,1,1,168,10
-0.30,-1.14,-4.60,1,1,172,10
-0.06,-1.20,-4.71,1,1,169,10
-0.02,-1.23,-4.74,1,1,171,10
-0.04,-1.23,-4.69,1,1,174,10
-0.06,-1.21,-4.71,1,1,180,10
-0.04,-1.22,-4.70,1,1,179,10
-0.03,-1.25,-4.72,1,1,177,10
-0.10,-1.21,-4.72,1,1,183,10
-0.03,-1.23,-4.76,1,1,186,10
-0.07,-1.23,-4.71,1,1,188,10
-0.04,-1.22,-4.69,1,1,186,10
-0.06,-1.23,-4.73,1,1,191,10
-0.08,-1.20,-4.73,1,1,196,10
-0.05,-1.24,-4.73,1,1,194,10
-0.07,-1.22,-4.73,1,1,193,10
-0.10,-1.20,-4.63,1,1,198,10
-0.06,-1.23,-4.70,1,1,201,10
-0.08,-1.24,-4.67,1,1,202,10
-0.06,-1.25,-4.74,1,1,203,10
-0.05,-1.24,-4.72,1,1,205,10
-0.05,-1.27,-4.72,1,1,208,10
-0.04,-1.24,-4.70,1,1,206,10
-0.04,-1.24,-4.74,1,1,207,10
-0.03,-1.27,-4.73,1,1,209,10
-0.02,-1.29,-4.73,1,1,213,10
-0.02,-1.27,-4.73,1,1,213,10
-0.04,-1.28,-4.72,1,1,213,10
-0.01,-1.29,-4.72,1,1,218,10
-0.03,-1.28,-4.71,1,1,219,10
-0.04,-1.29,-4.72,1,1,217,10
-0.01,-1.30,-4.71,1,1,216,10
-0.02,-1.27,-4.75,1,1,219,10
-0.01,-1.30,-4.72,1,1,220,10
0.01,-1.29,-4.73,1,1,221,10
-0.01,-1.30,-4.71,1,1,223,10
0.01,-1.31,-4.72,1,1,223,10
0.03,-1.33,-4.73,1,1,225,10
0.00,-1.32,-4.69,1,1,223,10
0.00,-1.35,-4.72,1,1,223,10
0.02,-1.32,-4.71,1,1,224,10
0.02,-1.34,-4.68,1,1,226,10
0.00,-1.34,-4.73,1,1,227,10
0.03,-1.34,-4.70,1,1,227,10
0.01,-1.33,-4.70,1,1,229,10
0.01,-1.33,-4.73,1,1,230,10
0.02,-1.33,-4.73,1,1,229,10
0.01,-1.32,-4.70,1,1,230,10
0.02,-1.31,-4.72,1,1,232,10
0.00,-1.31,-4.71,1,1,232,10
-0.02,-1.31,-4.60,1,1,232,10
0.00,-1.32,-4.75,1,1,233,10
-0.00,-1.30,-4.72,1,1,233,10
-0.01,-1.30,-4.71,1,1,233,10
-0.01,-1.30,-4.70,1,1,233,10
-0.01,-1.30,-4.67,1,1,234,10
-0.00,-1.31,-4.72,1,1,234,10
-0.01,-1.29,-4.71,1,1,235,10
-0.00,-1.28,-4.70,1,1,235,10
-0.02,-1.30,-4.70,1,1,235,10
-0.01,-1.30,-4.71,1,1,235,10
-0.01,-1.30,-4.71,1,1,235,10
-0.01,-1.30,-4.73,1,1,236,10
-0.01,-1.28,-4.69,1,1,236,10
-0.02,-1.30,-4.67,1,1,237,10
-0.01,-1.28,-4.74,1,1,237,10
-0.02,-1.29,-4.68,1,1,238,10
-0.02,-1.28,-4.85,1,1,238,10
-0.04,-1.25,-4.69,1,1,238,10
-0.00,-1.27,-4.78,1,1,239,10
-0.05,-1.23,-4.70,1,1,238,10
-0.05,-1.25,-4.72,1,1,239,10
-0.04,-1.25,-4.70,1,1,239,10
-0.03,-1.25,-4.63,1,1,239,10
-0.03,-1.25,-4.72,1,1,239,10
-0.03,-1.25,-4.76,1,1,239,10
-0.03,-1.24,-4.72,1,1,238,10
-0.05,-1.24,-4.72,1,1,239,10
-0.02,-1.25,-4.70,1,1,240,10
-0.03,-1.25,-4.70,1,1,239,10
-0.03,-1.25,-4.72,1,1,240,10
-0.02,-1.24,-4.71,1,1,240,10
-0.07,-1.26,-4.73,1,1,240,10
-0.03,-1.27,-4.74,1,1,241,10
-0.04,-1.27,-4.70,1,1,241,10
-0.05,-1.26,-4.75,1,1,241,10
-0.03,-1.27,-4.72,1,1,241,10
-0.04,-1.26,-4.75,1,1,241,10
-0.04,-1.26,-4.72,1,1,241,10
-0.03,-1.24,-4.73,1,1,240,10
-0.03,-1.25,-4.73,1,1,241,10
-0.02,-1.25,-4.72,1,1,241,10
-0.05,-1.25,-4.72,1,1,241,10
-0.04,-1.25,-4.73,1,1,241,10
-0.05,-1.25,-4.71,1,1,242,10
-0.02,-1.27,-4.72,1,1,242,10
-0.04,-1.25,-4.69,1,1,241,10
-0.04,-1.24,-4.70,1,1,241,10
-0.02,-1.26,-4.73,1,1,241,10
-0.04,-1.26,-4.71,1,1,241,10
-0.03,-1.25,-4.75,1,1,242,10
-0.02,-1.25,-4.71,1,1,242,10
-0.06,-1.27,-4.73,1,1,242,10
-0.04,-1.27,-4.73,1,1,242,10
-0.02,-1.25,-4.71,1,1,243,10
-0.04,-1.25,-4.72,1,1,242,10
-0.03,-1.25,-4.74,1,1,243,10
0.02,-1.29,-4.82,1,1,243,10
0.00,-1.23,-4.69,1,1,243,10
-0.05,-1.27,-4.75,1,1,243,10
-0.03,-1.26,-4.70,1,1,244,10
-0.04,-1.26,-4.70,1,1,243,10
-0.01,-1.26,-4.74,1,1,244,10
-0.02,-1.25,-4.72,1,1,243,10
-0.05,-1.29,-4.72,1,1,243,10
-0.01,-1.27,-4.74,1,1,243,10
-0.03,-1.26,-4.71,1,1,243,10
-0.04,-1.27,-4.76,1,1,243,10
-0.04,-1.25,-4.72,1,1,243,10
-0.06,-1.26,-4.74,1,1,243,10
-0.04,-1.25,-4.72,1,1,244,10
-0.05,-1.24,-4.73,1,1,243,10
-0.01,-1.25,-4.68,1,1,244,10
-0.05,-1.26,-4.73,1,1,244,10
-0.05,-1.25,-4.65,1,1,243,10
-0.06,-1.26,-4.73,1,1,243,10
-0.06,-1.24,-4.72,1,1,243,10
-0.04,-1.24,-4.73,1,1,244,10
-0.08,-1.23,-4.78,1,1,244,10
-0.06,-1.21,-4.73,1,1,244,10
-0.04,-1.24,-4.74,1,1,244,10
-0.05,-1.23,-4.74,1,1,243,10
-0.04,-1.23,-4.58,1,1,244,10
-0.05,-1.23,-4.74,1,1,243,10
-0.03,-1.24,-4.73,1,1,227,10
0.04,-1.28,-4.66,1,1,86,10
-0.35,-1.19,-4.38,1,1,5,10
-0.53,-1.12,-4.77,1,1,3,10
0.00,-1.40,-4.77,1,0,3,10
0.05,-1.33,-4.73,1,0,4,10
-0.02,-1.34,-4.67,1,0,4,10
0.02,-1.32,-4.67,1,0,3,10
-0.00,-1.35,-4.70,1,0,3,10
0.02,-1.33,-4.67,1,0,3,10
0.03,-1.34,-4.70,1,0,3,10
0.03,-1.34,-4.69,1,0,4,10
0.06,-1.35,-4.71,1,0,4,10
0.02,-1.36,-4.67,1,0,3,10
0.03,-1.34,-4.71,1,0,3,10
0.02,-1.36,-4.87,1,0,3,10
0.02,-1.36,-4.70,1,0,3,10
0.18,-1.23,-4.54,1,0,3,10
0.00,-1.37,-4.65,1,0,4,10
0.03,-1.36,-4.69,1,0,3,10
0.04,-1.36,-4.67,1,0,4,10
0.07,-1.36,-4.75,1,0,3,10
0.02,-1.39,-4.55,1,0,3,10
0.02,-1.37,-4.69,1,0,4,10
0.02,-1.37,-4.67,1,0,3,10
0.04,-1.38,-4.69,1,0,4,10
0.03,-1.37,-4.70,1,0,4,10
0.02,-1.40,-4.69,1,0,3,10
0.04,-1.36,-4.61,1,0,3,10
0.03,-1.37,-4.69,1,1,4,10
0.03,-1.38,-4.69,1,1,3,10
0.04,-1.39,-4.75,1,1,4,10
0.01,-1.39,-4.67,1,1,3,10
-0.15,-1.38,-4.26,1,1,3,10
0.90,-1.14,-3.05,5,1,4,10
0.07,-1.51,-6.44,5,1,36,10
-0.03,-1.30,-5.32,5,1,41,10
-0.25,-1.15,-4.08,5,1,57,10
-0.19,-1.37,-4.02,5,1,78,10
0.32,-1.53,-4.75,5,1,89,10
0.19,-1.47,-5.06,5,1,99,10
0.09,-1.39,-4.96,5,1,114,10
-0.06,-1.36,-4.48,5,1,106,10
0.01,-1.38,-4.70,5,1,86,10
0.01,-1.39,-4.73,5,1,97,10
-0.01,-1.39,-4.63,5,1,107,10
0.03,-1.41,-4.66,5,1,105,10
0.00,-1.40,-4.70,5,1,94,10
0.05,-1.40,-4.69,5,1,99,10
0.03,-1.44,-4.67,5,1,104,10
0.04,-1.43,-4.68,5,1,119,10
0.03,-1.43,-4.67,5,1,115,10
0.05,-1.43,-4.68,5,1,112,10
0.04,-1.44,-4.70,5,1,108,10
0.03,-1.39,-4.67,5,1,112,10
0.04,-1.43,-4.72,5,1,114,10
-0.02,-2.04,-4.90,5,1,123,10
0.05,-1.44,-4.68,5,1,132,10
0.04,-1.45,-4.76,5,1,126,10
0.04,-1.44,-4.71,5,1,117,10
0.02,-1.45,-4.64,5,1,122,10
0.03,-1.44,-4.68,5,1,118,10
0.03,-1.45,-4.68,5,1,126,10
0.03,-1.43,-4.65,5,1,138,10
0.02,-1.45,-4.69,5,1,137,10
0.00,-1.43,-4.69,5,1,122,10
0.05,-1.44,-4.66,5,1,124,10
0.03,-1.45,-4.66,5,1,134,10
0.01,-1.45,-4.67,5,1,144,10
0.02,-1.45,-4.63,5,1,140,10
0.01,-1.43,-4.67,5,1,139,10
0.03,-1.46,-4.69,5,1,137,10
0.01,-1.42,-4.66,5,1,136,10
0.08,-1.43,-4.59,5,1,149,10
0.25,-1.36,-4.67,5,1,152,10
0.04,-1.45,-4.74,5,1,145,10
0.04,-1.44,-4.61,5,1,141,10
0.11,-1.42,-4.69,5,1,146,10
0.01,-1.46,-4.58,5,1,158,10
0.23,-1.43,-4.60,5,1,157,10
0.10,-1.44,-4.89,5,1,154,10
0.03,-1.46,-4.66,5,1,161,10
0.02,-1.50,-4.74,5,1,167,10
0.04,-1.45,-4.69,5,1,173,10
0.03,-1.45,-4.64,5,1,168,10
0.01,-1.45,-4.60,5,1,164,10
0.05,-1.45,-4.72,5,1,168,10
0.05,-1.40,-4.49,5,1,174,10
0.00,-1.52,-4.73,5,1,180,10
0.04,-1.46,-4.61,5,1,179,10
0.03,-1.43,-4.64,5,1,181,10
-0.08,-1.35,-4.53,5,1,189,10
0.27,-1.66,-4.97,5,1,198,10
-0.02,-1.53,-4.74,5,1,191,10
-0.23,-1.54,-5.06,5,1,191,10
0.06,-1.55,-4.91,5,1,194,10
0.05,-1.52,-4.71,5,1,204,10
0.02,-1.53,-4.60,5,1,208,10
0.04,-1.51,-4.70,5,1,205,10
0.02,-1.54,-4.62,5,1,204,10
0.02,-1.54,-4.65,5,1,215,10
0.00,-1.55,-4.66,5,1,219,10
0.04,-1.53,-4.61,5,1,215,10
0.02,-1.53,-4.61,5,1,215,10
0.01,-1.53,-4.60,5,1,219,10
0.04,-1.54,-4.62,5,1,227,10
0.02,-1.54,-4.62,5,1,227,10
0.04,-1.54,-4.62,5,1,226,10
0.03,-1.54,-4.62,5,1,230,10
0.02,-1.54,-4.64,5,1,235,10
-0.01,-1.55,-4.61,5,1,238,10
0.03,-1.53,-4.62,5,1,236,10
0.02,-1.53,-4.65,5,1,237,10
-0.01,-1.48,-4.61,5,1,244,10
0.04,-1.51,-4.63,5,1,245,10
0.02,-1.51,-4.64,5,1,244,10
0.02,-1.49,-4.64,5,1,245,10
0.00,-1.45,-4.68,5,1,251,10
0.05,-1.52,-4.70,5,1,253,10
0.01,-1.49,-4.67,5,1,252,10
0.04,-1.45,-4.53,5,1,254,10
0.06,-1.44,-4.56,5,1,258,10
-0.04,-1.44,-4.56,5,1,261,10
0.06,-1.44,-4.70,5,1,260,10
-0.10,-1.39,-4.58,5,1,260,10
0.06,-1.40,-4.71,5,1,266,10
0.03,-1.42,-4.70,5,1,266,10
0.01,-1.39,-4.69,5,1,267,10
-0.01,-1.38,-4.68,5,1,268,10
0.00,-1.37,-4.65,5,1,270,10
-0.01,-1.37,-4.69,5,1,273,10
0.02,-1.37,-4.65,5,1,273,10
0.05,-1.40,-4.70,5,1,274,10
0.03,-1.38,-4.70,5,1,276,10
0.00,-1.41,-4.69,5,1,276,10
0.02,-1.40,-4.69,5,1,277,10
0.02,-1.40,-4.67,5,1,277,10
0.00,-1.39,-4.69,5,1,278,10
0.02,-1.38,-4.67,5,1,281,10
0.01,-1.41,-4.69,5,1,281,10
0.01,-1.41,-4.70,5,1,282,10
0.03,-1.41,-4.69,5,1,282,10
0.05,-1.41,-4.69,5,1,282,10
-0.00,-1.39,-4.68,5,1,283,10
0.01,-1.40,-4.66,5,1,283,10
0.03,-1.41,-4.65,5,1,284,10
0.01,-1.40,-4.64,5,1,285,10
0.03,-1.41,-4.65,5,1,286,10
0.11,-1.43,-4.43,5,1,286,10
0.02,-1.40,-4.71,5,1,287,10
0.02,-1.39,-4.70,5,1,286,10
0.01,-1.42,-4.66,5,1,286,10
0.02,-1.40,-4.69,5,1,288,10
0.03,-1.41,-4.70,5,1,287,10
0.02,-1.41,-4.67,5,1,289,10
0.02,-1.39,-4.69,5,1,290,10
0.02,-1.40,-4.72,5,1,289,10
0.03,-1.40,-4.68,5,1,290,10
0.02,-1.39,-4.65,5,1,290,10
0.02,-1.41,-4.69,5,1,290,10
0.03,-1.38,-4.69,5,1,290,10
0.02,-1.40,-4.69,5,1,290,10
0.01,-1.44,-4.65,5,1,292,10
0.00,-1.41,-4.69,5,1,291,10
0.02,-1.41,-4.67,5,1,292,10
0.02,-1.42,-4.69,5,1,292,10
0.01,-1.40,-4.69,5,1,292,10
0.00,-1.40,-4.69,5,1,293,10
0.02,-1.40,-4.68,5,1,293,10
0.01,-1.40,-4.68,5,1,293,10
0.01,-1.41,-4.70,5,1,294,10
0.02,-1.41,-4.66,5,1,293,10
0.00,-1.41,-4.70,5,1,293,10
0.03,-1.39,-4.70,5,1,294,10
0.03,-1.40,-4.69,5,1,294,10
0.02,-1.38,-4.70,5,1,294,10
0.03,-1.38,-4.69,5,1,294,10
0.03,-1.40,-4.68,5,1,295,10
0.01,-1.40,-4.70,5,1,295,10
0.04,-1.38,-4.67,5,1,295,10
0.02,-1.39,-4.70,5,1,294,10
0.01,-1.39,-4.69,5,1,296,10
0.04,-1.39,-4.68,5,1,295,10
0.02,-1.39,-4.69,5,1,296,10
0.03,-1.40,-4.56,5,1,296,10
0.01,-1.39,-4.69,5,1,295,10
0.01,-1.39,-4.69,5,1,296,10
0.01,-1.39,-4.65,5,1,297,10
-0.11,-1.37,-4.44,5,1,296,10
0.05,-1.38,-4.69,5,1,297,10
0.02,-1.37,-4.68,5,1,296,10
0.01,-1.35,-4.64,5,1,297,10
0.01,-1.36,-4.70,5,1,297,10
0.01,-1.37,-4.69,5,1,297,10
-0.01,-1.37,-4.75,5,1,297,10
0.03,-1.40,-4.66,5,1,298,10
0.02,-1.39,-4.65,5,1,297,10
0.03,-1.38,-4.66,5,1,297,10
0.03,-1.38,-4.70,5,1,298,10
0.02,-1.39,-4.69,5,1,298,10
0.03,-1.39,-4.70,5,1,298,10
0.03,-1.37,-4.69,5,1,298,10
0.02,-1.39,-4.68,5,1,299,10
0.03,-1.37,-4.70,5,1,299,10
0.04,-1.39,-4.69,5,1,299,10
0.03,-1.37,-4.68,5,1,299,10
0.04,-1.38,-4.67,5,1,299,10
0.03,-1.38,-4.70,5,1,299,10
-0.00,-1.42,-4.64,5,1,300,10
0.04,-1.39,-4.74,5,1,299,10
0.03,-1.40,-4.68,5,1,299,10
0.02,-1.37,-4.69,5,1,299,10
-0.01,-1.43,-4.58,5,1,300,10
0.03,-1.40,-4.76,5,1,300,10
0.01,-1.40,-4.74,5,1,300,10
0.02,-1.39,-4.69,5,1,300,10
0.01,-1.39,-4.68,5,1,300,10
0.03,-1.39,-4.66,5,1,300,10
0.01,-1.40,-4.69,5,1,300,10
0.00,-1.39,-4.69,5,1,300,10
0.03,-1.38,-4.69,5,1,301,10
0.01,-1.40,-4.69,5,1,300,10
0.02,-1.37,-4.70,5,1,301,10
0.02,-1.38,-4.70,5,1,300,10
0.04,-1.37,-4.67,5,1,300,10
0.00,-1.38,-4.70,5,1,301,10
0.02,-1.38,-4.71,5,1,300,10
0.04,-1.36,-4.69,5,1,300,10
0.01,-1.39,-4.69,5,1,301,10
0.02,-1.39,-4.67,5,1,301,10
0.02,-1.38,-4.69,5,1,301,10
0.05,-1.36,-4.86,5,1,301,10
0.01,-1.37,-4.67,5,1,301,10
0.02,-1.38,-4.65,5,1,301,10
0.03,-1.36,-4.72,5,1,301,10
-0.00,-1.36,-4.72,5,1,301,10
0.02,-1.37,-4.72,5,1,301,10
0.02,-1.37,-4.71,5,1,301,10
0.04,-1.39,-4.68,5,1,302,10
0.03,-1.37,-4.72,5,1,302,10
0.02,-1.38,-4.71,5,1,255,10
0.27,-1.38,-4.76,5,1,42,10
-0.24,-1.30,-5.12,5,1,4,10
-0.03,-1.39,-5.04,5,1,3,10
0.45,-1.28,-4.88,5,0,3,10
0.05,-1.44,-4.71,5,0,4,10
0.00,-1.36,-4.65,5,0,3,10
0.02,-1.35,-4.91,5,0,3,10
0.06,-1.37,-4.89,5,0,3,10
0.00,-1.36,-4.67,5,0,4,10
-0.00,-1.40,-4.75,5,0,4,10
0.09,-1.39,-4.69,5,0,3,10
0.18,-1.32,-4.73,5,0,3,10
-0.31,-1.76,-4.99,5,0,3,10
0.07,-1.33,-4.17,5,0,3,10
-0.07,-1.50,-4.60,5,0,3,10
0.04,-1.49,-4.68,5,0,4,10
0.05,-1.51,-4.64,5,0,4,10
0.02,-1.49,-4.64,5,0,4,10
0.06,-1.49,-4.65,5,0,3,10
0.28,-1.43,-4.68,5,0,3,10
-0.11,-1.45,-4.33,5,0,3,10
0.17,-1.50,-4.81,5,0,3,10
0.00,-1.56,-4.59,5,0,3,10
0.03,-1.51,-4.63,5,0,4,10
0.03,-1.54,-4.60,5,0,4,10
0.04,-1.54,-4.60,5,0,4,10
0.02,-1.53,-4.66,5,0,3,10
0.04,-1.55,-4.63,5,0,3,10
0.04,-1.55,-4.62,5,0,3,10
0.06,-1.56,-4.64,5,0,3,10
0.03,-1.55,-4.60,5,0,3,10
0.04,-1.56,-4.64,5,0,3,10
0.04,-1.54,-4.64,5,0,4,10
0.04,-1.56,-4.67,5,0,3,10
0.05,-1.53,-4.65,5,0,3,10
0.04,-1.55,-4.67,5,0,3,10
-0.00,-1.55,-4.68,5,1,4,10
1.15,-2.13,-2.81,0,1,59,10
0.10,-1.32,-7.01,1,1,3,10
-1.02,-1.23,-5.73,1,1,19,10
0.11,-1.45,-5.35,1,1,41,10
-0.21,-1.42,-4.25,1,1,56,10
-0.26,-1.45,-4.48,1,1,66,10
0.00,-1.59,-4.57,1,1,78,10
0.26,-1.57,-5.11,1,1,84,10
0.16,-1.48,-4.78,1,1,87,10
-0.03,-1.48,-4.42,1,1,86,10
0.01,-1.54,-4.60,1,1,87,10
0.06,-1.52,-4.72,1,1,87,10
0.00,-1.57,-4.61,1,1,100,10
0.03,-1.47,-4.61,1,1,96,10
0.03,-1.52,-4.65,1,1,94,10
0.04,-1.51,-4.67,1,1,91,10
-0.00,-1.51,-4.63,1,1,93,10
0.02,-1.54,-4.58,1,1,97,10
0.02,-1.50,-4.65,1,1,96,10
0.02,-1.54,-4.67,1,1,102,10
0.03,-1.50,-4.64,1,1,100,10
0.01,-1.53,-4.59,1,1,109,10
0.04,-1.55,-4.65,1,1,106,10
0.06,-1.54,-4.69,1,1,114,10
0.00,-1.53,-4.63,1,1,113,10
0.02,-1.53,-4.62,1,1,123,10
0.05,-1.57,-4.66,1,1,118,10
-0.00,-1.57,-4.68,1,1,111,10
0.03,-1.53,-4.64,1,1,104,10
0.04,-1.55,-4.68,1,1,96,10
0.01,-1.54,-4.65,1,1,96,10
0.02,-1.56,-4.61,1,1,95,10
0.01,-1.55,-4.61,1,1,96,10
0.04,-1.53,-4.60,1,1,102,10
0.02,-1.52,-4.63,1,1,105,10
0.03,-1.54,-4.64,1,1,108,10
0.02,-1.55,-4.63,1,1,107,10
0.01,-1.53,-4.60,1,1,100,10
0.04,-1.56,-4.62,1,1,102,10
0.02,-1.55,-4.64,1,1,104,10
0.03,-1.56,-4.63,1,1,105,10
0.02,-1.56,-4.64,1,1,106,10
0.01,-1.56,-4.61,1,1,105,10
0.02,-1.57,-4.62,1,1,103,10
0.02,-1.57,-4.75,1,1,103,10
0.01,-1.55,-4.61,1,1,105,10
0.02,-1.56,-4.62,1,1,109,10
0.01,-1.55,-4.61,1,1,113,10
0.03,-1.56,-4.60,1,1,106,10
0.03,-1.54,-4.58,1,1,97,10
0.03,-1.54,-4.61,1,1,94,10
0.02,-1.56,-4.62,1,1,91,10
0.01,-1.56,-4.65,1,1,98,10
0.04,-1.56,-4.63,1,1,82,10
-0.01,-1.55,-4.71,1,1,93,10
0.05,-1.55,-4.61,1,1,104,10
0.02,-1.55,-4.64,1,1,114,10
0.01,-1.53,-4.58,1,1,119,10
0.04,-1.58,-4.65,1,1,126,10
0.04,-1.54,-4.63,1,1,137,10
0.04,-1.55,-4.60,1,1,136,10
0.03,-1.53,-4.63,1,1,125,10
0.03,-1.55,-4.61,1,1,128,10
0.03,-1.56,-4.60,1,1,132,10
0.05,-1.52,-4.64,1,1,135,10
0.03,-1.57,-4.63,1,1,135,10
0.01,-1.54,-4.65,1,1,137,10
0.01,-1.58,-4.67,1,1,137,10
0.02,-1.54,-4.62,1,1,134,10
0.03,-1.56,-4.65,1,1,133,10
0.05,-1.54,-4.64,1,1,131,10
0.03,-1.56,-4.64,1,1,125,10
0.02,-1.56,-4.64,1,1,128,10
0.03,-1.56,-4.65,1,1,128,10
0.02,-1.54,-4.63,1,1,128,10
0.04,-1.56,-4.61,1,1,134,10
0.03,-1.56,-4.63,1,1,138,10
0.03,-1.55,-4.63,1,1,141,10
0.02,-1.56,-4.60,1,1,144,10
0.03,-1.56,-4.62,1,1,145,10
0.02,-1.57,-4.63,1,1,145,10
0.03,-1.57,-4.62,1,1,146,10
0.02,-1.57,-4.60,1,1,147,10
0.02,-1.57,-4.61,1,1,149,10
0.03,-1.56,-4.62,1,1,149,10
0.01,-1.55,-4.65,1,1,153,10
0.03,-1.55,-4.65,1,1,156,10
0.04,-1.59,-4.77,1,1,160,10
0.04,-1.56,-4.64,1,1,161,10
0.04,-1.55,-4.62,1,1,160,10
0.03,-1.57,-4.64,1,1,160,10
0.03,-1.56,-4.61,1,1,159,10
0.03,-1.57,-4.63,1,1,161,10
0.03,-1.56,-4.60,1,1,164,10
0.03,-1.55,-4.69,1,1,165,10
0.02,-1.54,-4.63,1,1,167,10
0.02,-1.57,-4.61,1,1,168,10
0.01,-1.56,-4.62,1,1,169,10
0.02,-1.54,-4.64,1,1,172,10
-0.00,-1.56,-4.63,1,1,172,10
0.02,-1.55,-4.63,1,1,172,10
0.03,-1.54,-4.66,1,1,173,10
0.02,-1.54,-4.62,1,1,174,10
0.02,-1.53,-4.62,1,1,176,10
0.02,-1.54,-4.65,1,1,179,10
0.03,-1.56,-4.67,1,1,180,10
0.03,-1.54,-4.63,1,1,180,10
0.02,-1.53,-4.62,1,1,180,10
0.05,-1.53,-4.70,1,1,181,10
0.02,-1.52,-4.66,1,1,182,10
0.01,-1.51,-4.66,1,1,183,10
0.02,-1.50,-4.66,1,1,184,10
0.02,-1.48,-4.83,1,1,186,10
0.02,-1.49,-4.62,1,1,187,10
0.01,-1.52,-4.64,1,1,189,10
0.02,-1.52,-4.62,1,1,189,10
0.07,-1.51,-4.63,1,1,189,10
0.01,-1.52,-4.65,1,1,190,10
0.03,-1.50,-4.66,1,1,190,10
0.02,-1.53,-4.66,1,1,190,10
0.03,-1.51,-4.65,1,1,191,10
0.03,-1.52,-4.66,1,1,193,10
0.02,-1.53,-4.63,1,1,193,10
0.02,-1.52,-4.63,1,1,194,10
0.02,-1.53,-4.59,1,1,193,10
0.03,-1.53,-4.60,1,1,194,10
0.03,-1.53,-4.63,1,1,196,10
0.02,-1.52,-4.58,1,1,197,10
0.02,-1.51,-4.63,1,1,198,10
0.02,-1.51,-4.63,1,1,198,10
0.03,-1.51,-4.64,1,1,198,10
0.03,-1.54,-4.61,1,1,199,10
0.03,-1.53,-4.63,1,1,198,10
0.04,-1.52,-4.64,1,1,199,10
0.02,-1.52,-4.64,1,1,199,10
0.01,-1.51,-4.63,1,1,200,10
0.02,-1.53,-4.62,1,1,200,10
0.02,-1.51,-4.65,1,1,201,10
0.02,-1.53,-4.64,1,1,201,10
0.02,-1.51,-4.62,1,1,201,10
0.03,-1.52,-4.64,1,1,202,10
0.08,-1.55,-4.54,1,1,202,10
0.02,-1.53,-4.61,1,1,202,10
0.02,-1.51,-4.64,1,1,203,10
0.02,-1.51,-4.64,1,1,203,10
0.02,-1.53,-4.64,1,1,203,10
0.03,-1.53,-4.66,1,1,203,10
0.02,-1.51,-4.63,1,1,205,10
0.03,-1.52,-4.67,1,1,204,10
0.05,-1.53,-4.67,1,1,205,10
0.02,-1.51,-4.62,1,1,205,10
0.03,-1.52,-4.64,1,1,205,10
0.03,-1.53,-4.62,1,1,205,10
0.03,-1.52,-4.64,1,1,205,10
0.03,-1.49,-4.64,1,1,206,10
0.02,-1.52,-4.64,1,1,206,10
0.01,-1.50,-4.65,1,1,206,10
0.03,-1.50,-4.68,1,1,206,10
0.01,-1.50,-4.64,1,1,207,10
0.03,-1.51,-4.64,1,1,206,10
0.01,-1.50,-4.62,1,1,206,10
0.03,-1.50,-4.66,1,1,206,10
0.02,-1.51,-4.67,1,1,207,10
0.01,-1.51,-4.59,1,1,206,10
0.03,-1.53,-4.65,1,1,206,10
0.03,-1.51,-4.72,1,1,207,10
0.01,-1.50,-4.66,1,1,206,10
0.02,-1.51,-4.62,1,1,207,10
0.03,-1.50,-4.64,1,1,207,10
0.02,-1.49,-4.69,1,1,206,10
0.03,-1.50,-4.65,1,1,207,10
0.01,-1.49,-4.68,1,1,207,10
0.05,-1.50,-4.61,1,1,207,10
0.04,-1.53,-4.62,1,1,208,10
0.02,-1.53,-4.65,1,1,208,10
0.01,-1.52,-4.63,1,1,208,10
0.03,-1.52,-4.63,1,1,208,10
0.03,-1.53,-4.65,1,1,208,10
-0.00,-1.53,-4.75,1,1,208,10
0.02,-1.50,-4.60,1,1,208,10
0.02,-1.54,-4.67,1,1,208,10
0.03,-1.53,-4.67,1,1,208,10
0.03,-1.52,-4.65,1,1,208,10
0.03,-1.51,-4.64,1,1,208,10
0.03,-1.51,-4.63,1,1,208,10
0.02,-1.51,-4.65,1,1,209,10
0.02,-1.54,-4.64,1,1,209,10
0.03,-1.52,-4.64,1,1,209,10
-0.02,-1.50,-4.74,1,1,209,10
0.02,-1.53,-4.67,1,1,209,10
0.04,-1.52,-4.64,1,1,209,10
0.02,-1.52,-4.64,1,1,209,10
0.02,-1.53,-4.66,1,1,209,10
0.02,-1.52,-4.66,1,1,209,10
0.02,-1.51,-4.68,1,1,210,10
0.03,-1.50,-4.69,1,1,209,10
0.04,-1.52,-4.59,1,1,209,10
0.02,-1.51,-4.63,1,1,210,10
0.04,-1.52,-4.66,1,1,210,10
0.02,-1.48,-4.61,1,1,210,10
0.02,-1.51,-4.63,1,1,210,10
0.01,-1.49,-4.64,1,1,210,10
0.01,-1.53,-4.56,1,1,210,10
0.03,-1.52,-4.68,1,1,210,10
0.02,-1.51,-4.65,1,1,210,10
0.02,-1.50,-4.65,1,1,210,10
0.04,-1.51,-4.64,1,1,211,10
0.01,-1.51,-4.69,1,1,211,10
0.01,-1.50,-4.64,1,1,211,10
0.03,-1.51,-4.65,1,1,211,10
0.01,-1.50,-4.62,1,1,211,10
0.03,-1.51,-4.69,1,1,211,10
0.02,-1.50,-4.66,1,1,211,10
0.01,-1.50,-4.70,1,1,212,10
0.00,-1.48,-4.65,1,1,211,10
0.09,-1.48,-4.75,1,1,212,10
0.03,-1.47,-4.65,1,1,212,10
0.02,-1.48,-4.62,1,1,211,10
0.02,-1.47,-4.65,1,1,212,10
0.01,-1.46,-4.65,1,1,212,10
0.04,-1.47,-4.67,1,1,211,10
0.02,-1.46,-4.62,1,1,210,10
0.01,-1.48,-4.65,1,1,211,10
0.02,-1.47,-4.67,1,1,210,10
0.01,-1.48,-4.65,1,1,211,10
0.02,-1.47,-4.62,1,1,211,10
0.02,-1.50,-4.65,1,1,212,10
0.04,-1.48,-4.63,1,1,212,10
0.02,-1.50,-4.64,1,1,212,10
0.04,-1.49,-4.64,1,1,211,10
0.03,-1.50,-4.65,1,1,212,10
0.03,-1.50,-4.67,1,1,212,10
0.03,-1.50,-4.63,1,1,212,10
0.00,-1.49,-4.66,1,1,213,10
0.03,-1.48,-4.68,1,1,212,10
0.02,-1.49,-4.67,1,1,212,10
0.02,-1.48,-4.63,1,1,213,10
0.03,-1.49,-4.66,1,1,213,10
0.04,-1.48,-4.65,1,1,214,10
0.01,-1.49,-4.67,1,1,214,10
0.02,-1.48,-4.67,1,1,213,10
0.02,-1.49,-4.64,1,1,214,10
0.01,-1.47,-4.64,1,1,214,10
0.01,-1.49,-4.67,1,1,214,10
0.00,-1.46,-4.63,1,1,214,10
0.05,-1.49,-4.65,1,1,214,10
0.03,-1.48,-4.69,1,1,214,10
0.02,-1.47,-4.66,1,1,214,10
0.06,-1.49,-4.68,1,1,214,10
0.04,-1.47,-4.63,1,1,214,10
0.03,-1.48,-4.65,1,1,214,10
0.02,-1.47,-4.64,1,1,215,10
0.04,-1.48,-4.66,1,1,214,10
0.03,-1.46,-4.62,1,1,215,10
0.04,-1.48,-4.65,1,1,215,10
0.04,-1.48,-4.67,1,1,215,10
0.02,-1.46,-4.62,1,1,215,10
0.01,-1.47,-4.62,1,1,215,10
0.04,-1.47,-4.67,1,1,214,10
0.01,-1.49,-4.62,1,1,215,10
0.02,-1.47,-4.64,1,1,214,10
0.02,-1.47,-4.66,1,1,215,10
0.02,-1.48,-4.64,1,1,215,10
0.01,-1.48,-4.68,1,1,215,10
0.03,-1.49,-4.67,1,1,215,10
0.02,-1.49,-4.65,1,1,216,10
0.03,-1.47,-4.64,1,1,215,10
0.02,-1.47,-4.65,1,1,216,10
0.02,-1.50,-4.67,1,1,216,10
0.03,-1.46,-4.66,1,1,216,10
0.02,-1.49,-4.65,1,1,216,10
0.02,-1.48,-4.63,1,1,216,10
0.02,-1.47,-4.65,1,1,216,10
0.01,-1.47,-4.61,1,1,216,10
0.03,-1.48,-4.65,1,1,215,10
0.03,-1.47,-4.64,1,1,216,10
0.03,-1.47,-4.66,1,1,215,10
0.03,-1.48,-4.67,1,1,215,10
0.01,-1.47,-4.69,1,1,215,10
0.02,-1.48,-4.67,1,1,215,10
0.03,-1.46,-4.66,1,1,215,10
0.03,-1.46,-4.67,1,1,215,10
0.02,-1.48,-4.68,1,1,216,10
0.03,-1.48,-4.66,1,1,216,10
0.03,-1.49,-4.65,1,1,216,10
0.02,-1.46,-4.67,1,1,215,10
0.02,-1.49,-4.63,1,1,215,10
0.02,-1.47,-4.67,1,1,215,10
0.03,-1.47,-4.66,1,1,216,10
0.01,-1.48,-4.66,1,1,215,10
0.02,-1.48,-4.65,1,1,216,10
0.02,-1.49,-4.66,1,1,216,10
0.02,-1.47,-4.67,1,1,215,10
0.01,-1.49,-4.66,1,1,216,10
0.02,-1.48,-4.67,1,1,215,10
0.01,-1.49,-4.67,1,1,215,10
0.03,-1.47,-4.67,1,1,215,10
0.06,-1.48,-4.56,1,1,216,10
0.02,-1.45,-4.70,1,1,215,10
0.02,-1.47,-4.58,1,1,215,10
0.04,-1.48,-4.67,1,1,215,10
0.02,-1.45,-4.66,1,1,215,10
0.04,-1.47,-4.70,1,1,216,10
0.04,-1.47,-4.60,1,1,216,10
0.03,-1.46,-4.74,1,1,213,10
0.12,-1.70,-5.13,1,1,98,10
-0.10,-1.42,-4.54,1,1,6,10
0.22,-1.43,-4.73,1,0,3,10
0.02,-1.57,-4.86,1,0,3,10
0.01,-1.51,-4.59,1,0,4,10
0.01,-1.52,-4.64,1,0,5,10
0.09,-1.50,-4.70,1,0,5,10
0.02,-1.52,-4.67,1,0,4,10
0.02,-1.49,-4.65,1,0,3,10
0.04,-1.51,-4.68,1,0,4,10
0.05,-1.52,-4.65,1,0,4,10
0.01,-1.51,-4.67,1,0,4,10
0.03,-1.53,-4.64,1,0,4,10
0.02,-1.51,-4.65,1,0,4,10
0.02,-1.51,-4.67,1,0,4,10
0.02,-1.49,-4.62,1,0,4,10
0.04,-1.51,-4.68,1,0,4,10
0.01,-1.52,-4.63,1,0,4,10
0.04,-1.51,-4.64,1,0,4,10
0.03,-1.51,-4.64,1,0,5,10
0.01,-1.50,-4.65,1,0,4,10
0.04,-1.50,-4.63,1,0,4,10
0.02,-1.53,-4.63,1,0,4,10
0.02,-1.52,-4.63,1,0,4,10
0.02,-1.51,-4.62,1,0,5,10
0.02,-1.51,-4.66,1,0,5,10
0.01,-1.51,-4.66,1,0,4,10
0.03,-1.51,-4.68,1,0,4,10
0.03,-1.51,-4.65,1,0,5,10
0.03,-1.53,-4.65,1,0,4,10
0.03,-1.51,-4.65,1,0,4,10
0.03,-1.50,-4.64,1,0,4,10
0.02,-1.51,-4.64,1,0,4,10
0.01,-1.50,-4.65,1,0,4,10
0.02,-1.49,-4.63,1,0,4,10
0.03,-1.51,-4.69,1,0,4,10
0.02,-1.52,-4.73,1,0,4,10
0.04,-1.50,-4.71,1,0,4,10
0.69,-0.94,-0.15,0,0,79,10
0.02,-1.15,-4.63,1,1,4,10
-0.45,-1.59,-4.98,1,1,22,10
-0.27,-1.25,-3.98,1,1,56,10
-0.37,-1.39,-4.34,1,1,73,10
0.18,-1.42,-5.38,1,1,71,10
0.04,-1.35,-4.87,1,1,85,10
-0.05,-1.35,-4.50,1,1,79,10
0.06,-1.36,-4.49,1,1,79,10
-0.01,-1.41,-4.82,1,1,86,10
0.13,-1.43,-4.75,1,1,100,10
-0.02,-1.38,-4.51,1,1,88,10
-0.04,-1.39,-4.57,1,1,94,10
0.04,-1.46,-4.76,1,1,98,10
0.10,-1.41,-4.78,1,1,109,10
-0.03,-1.40,-4.63,1,1,111,10
-0.22,-1.39,-4.48,1,1,120,10
0.06,-1.46,-4.66,1,1,118,10
0.06,-1.43,-4.71,1,1,108,10
0.02,-1.42,-4.65,1,1,115,10
0.02,-1.42,-4.69,1,1,122,10
0.03,-1.42,-4.67,1,1,123,10
0.01,-1.44,-4.69,1,1,124,10
0.03,-1.41,-4.65,1,1,123,10
0.01,-1.44,-4.70,1,1,123,10
0.01,-1.44,-4.69,1,1,121,10
0.02,-1.43,-4.72,1,1,123,10
0.02,-1.44,-4.67,1,1,123,10
0.01,-1.43,-4.68,1,1,125,10
0.02,-1.43,-4.59,1,1,131,10
0.02,-1.40,-4.64,1,1,137,10
0.01,-1.43,-4.64,1,1,140,10
0.02,-1.42,-4.67,1,1,144,10
0.03,-1.42,-4.70,1,1,148,10
0.02,-1.41,-4.71,1,1,149,10
0.05,-1.40,-4.68,1,1,147,10
0.03,-1.42,-4.69,1,1,147,10
0.02,-1.43,-4.70,1,1,140,10
0.02,-1.41,-4.67,1,1,140,10
0.04,-1.43,-4.67,1,1,136,10
0.02,-1.40,-4.69,1,1,132,10
0.01,-1.41,-4.68,1,1,126,10
0.03,-1.43,-4.69,1,1,124,10
0.02,-1.41,-4.65,1,1,125,10
0.02,-1.42,-4.65,1,1,125,10
0.02,-1.44,-4.69,1,1,132,10
0.02,-1.43,-4.68,1,1,140,10
0.02,-1.41,-4.69,1,1,145,10
0.02,-1.42,-4.69,1,1,147,10
0.03,-1.43,-4.69,1,1,146,10
0.02,-1.43,-4.67,1,1,149,10
0.02,-1.42,-4.66,1,1,148,10
0.02,-1.42,-4.66,1,1,148,10
0.02,-1.44,-4.66,1,1,150,10
0.03,-1.42,-4.67,1,1,152,10
0.04,-1.46,-4.76,1,1,156,10
0.02,-1.45,-4.66,1,1,162,10
0.02,-1.41,-4.66,1,1,165,10
0.01,-1.41,-4.68,1,1,164,10
-0.00,-1.44,-4.68,1,1,166,10
0.03,-1.41,-4.66,1,1,165,10
0.01,-1.42,-4.68,1,1,163,10
0.01,-1.43,-4.68,1,1,165,10
0.01,-1.43,-4.66,1,1,162,10
0.03,-1.43,-4.68,1,1,163,10
0.04,-1.43,-4.67,1,1,167,10
0.02,-1.44,-4.66,1,1,172,10
0.01,-1.42,-4.64,1,1,175,10
0.03,-1.42,-4.69,1,1,179,10
-0.24,-1.50,-4.84,1,1,180,10
0.06,-1.43,-4.77,1,1,180,10
0.03,-1.45,-4.73,1,1,180,10
0.00,-1.43,-4.65,1,1,181,10
0.01,-1.43,-4.56,1,1,184,10
0.01,-1.46,-4.67,1,1,185,10
0.01,-1.45,-4.65,1,1,188,10
0.01,-1.46,-4.68,1,1,191,10
0.02,-1.46,-4.64,1,1,192,10
0.03,-1.47,-4.73,1,1,192,10
0.01,-1.45,-4.68,1,1,193,10
0.02,-1.47,-4.66,1,1,191,10
0.02,-1.48,-4.68,1,1,192,10
0.06,-1.46,-4.73,1,1,191,10
0.02,-1.47,-4.66,1,1,195,10
0.03,-1.47,-4.65,1,1,197,10
0.04,-1.47,-4.66,1,1,199,10
0.03,-1.48,-4.62,1,1,201,10
0.02,-1.51,-4.65,1,1,201,10
0.01,-1.49,-4.67,1,1,204,10
0.04,-1.49,-4.66,1,1,204,10
0.08,-1.47,-4.67,1,1,206,10
0.18,-1.51,-4.72,1,1,205,10
-0.01,-1.52,-4.64,1,1,207,10
0.03,-1.51,-4.66,1,1,209,10
0.05,-1.50,-4.65,1,1,210,10
0.03,-1.53,-4.70,1,1,211,10
0.03,-1.54,-4.63,1,1,212,10
0.04,-1.52,-4.62,1,1,210,10
0.00,-1.59,-4.55,1,1,212,10
0.10,-1.54,-4.61,1,1,210,10
0.06,-1.54,-4.55,1,1,210,10
0.07,-1.55,-4.62,1,1,212,10
0.07,-1.56,-4.64,1,1,212,10
0.05,-1.57,-4.59,1,1,214,10
0.06,-1.55,-4.65,1,1,215,10
0.08,-1.56,-4.63,1,1,216,10
0.06,-1.57,-4.65,1,1,218,10
0.04,-1.59,-4.58,1,1,216,10
0.08,-1.55,-4.63,1,1,218,10
0.08,-1.57,-4.62,1,1,219,10
0.05,-1.56,-4.60,1,1,220,10
0.07,-1.54,-4.65,1,1,221,10
0.06,-1.55,-4.65,1,1,221,10
0.05,-1.56,-4.60,1,1,221,10
0.04,-1.55,-4.64,1,1,221,10
0.05,-1.56,-4.64,1,1,221,10
0.05,-1.56,-4.61,1,1,222,10
0.04,-1.58,-4.60,1,1,223,10
0.05,-1.54,-4.63,1,1,223,10
0.04,-1.55,-4.62,1,1,223,10
0.03,-1.58,-4.61,1,1,224,10
0.05,-1.54,-4.63,1,1,225,10
0.06,-1.58,-4.61,1,1,225,10
0.05,-1.55,-4.59,1,1,226,10
0.06,-1.58,-4.66,1,1,226,10
0.06,-1.56,-4.63,1,1,226,10
0.06,-1.55,-4.65,1,1,227,10
0.05,-1.58,-4.65,1,1,227,10
0.05,-1.55,-4.64,1,1,227,10
0.06,-1.55,-4.61,1,1,226,10
0.07,-1.55,-4.65,1,1,227,10
0.06,-1.56,-4.63,1,1,227,10
0.06,-1.58,-4.65,1,1,226,10
0.05,-1.56,-4.71,1,1,228,10
0.06,-1.55,-4.61,1,1,228,10
0.06,-1.59,-4.72,1,1,228,10
0.11,-1.52,-4.62,1,1,229,10
0.08,-1.56,-4.61,1,1,228,10
0.08,-1.57,-4.62,1,1,229,10
0.08,-1.60,-4.60,1,1,229,10
0.09,-1.56,-4.61,1,1,230,10
0.08,-1.57,-4.64,1,1,230,10
0.06,-1.59,-4.64,1,1,231,10
0.08,-1.55,-4.61,1,1,230,10
0.08,-1.57,-4.64,1,1,230,10
0.07,-1.60,-4.65,1,1,230,10
0.06,-1.56,-4.61,1,1,230,10
0.06,-1.58,-4.62,1,1,231,10
0.06,-1.60,-4.63,1,1,231,10
0.06,-1.55,-4.68,1,1,231,10
0.05,-1.56,-4.60,1,1,231,10
0.04,-1.56,-4.58,1,1,231,10
0.00,-1.58,-4.62,1,1,232,10
0.03,-1.54,-4.63,1,1,233,10
0.07,-1.53,-4.62,1,1,233,10
-0.01,-1.57,-4.59,1,1,233,10
0.06,-1.51,-4.69,1,1,233,10
0.04,-1.54,-4.71,1,1,233,10
0.03,-1.54,-4.63,1,1,232,10
0.05,-1.52,-4.67,1,1,233,10
0.04,-1.53,-4.68,1,1,233,10
-0.33,-1.60,-4.58,1,1,234,10
0.04,-1.49,-4.69,1,1,234,10
0.03,-1.50,-4.63,1,1,234,10
-0.00,-1.52,-4.58,1,1,234,10
0.02,-1.50,-4.65,1,1,234,10
-0.02,-1.50,-4.58,1,1,235,10
0.01,-1.49,-4.63,1,1,235,10
0.02,-1.50,-4.66,1,1,235,10
0.01,-1.48,-4.66,1,1,234,10
0.04,-1.48,-4.66,1,1,235,10
0.02,-1.49,-4.69,1,1,235,10
0.03,-1.47,-4.70,1,1,235,10
-0.03,-1.49,-4.64,1,1,235,10
0.15,-1.48,-4.77,1,1,235,10
-0.00,-1.47,-4.63,1,1,235,10
-0.03,-1.41,-4.52,1,1,235,10
0.01,-1.47,-4.78,1,1,235,10
-0.00,-1.43,-4.70,1,1,235,10
-0.03,-1.44,-4.61,1,1,236,10
0.03,-1.42,-4.70,1,1,236,10
-0.02,-1.42,-4.61,1,1,235,10
-0.01,-1.40,-4.70,1,1,236,10
-0.00,-1.41,-4.65,1,1,236,10
-0.03,-1.38,-4.69,1,1,236,10
-0.03,-1.38,-4.65,1,1,236,10
-0.02,-1.38,-4.68,1,1,236,10
-0.04,-1.37,-4.69,1,1,236,10
-0.01,-1.39,-4.66,1,1,236,10
-0.02,-1.37,-4.69,1,1,236,10
-0.03,-1.36,-4.67,1,1,236,10
-0.02,-1.38,-4.68,1,1,237,10
0.00,-1.39,-4.87,1,1,236,10
0.03,-1.38,-4.74,1,1,236,10
0.03,-1.39,-4.60,1,1,237,10
-0.03,-1.39,-4.68,1,1,237,10
-0.02,-1.38,-4.67,1,1,237,10
0.00,-1.39,-4.71,1,1,237,10
-0.00,-1.38,-4.66,1,1,237,10
0.00,-1.40,-4.66,1,1,237,10
-0.02,-1.40,-4.69,1,1,237,10
0.03,-1.41,-4.68,1,1,237,10
0.07,-1.42,-4.64,1,1,237,10
-0.01,-1.40,-4.70,1,1,238,10
0.01,-1.42,-4.66,1,1,238,10
-0.00,-1.37,-4.69,1,1,239,10
-0.01,-1.37,-4.65,1,1,239,10
-0.01,-1.38,-4.77,1,1,238,10
-0.03,-1.32,-4.51,1,1,237,10
-0.03,-1.37,-4.60,1,1,239,10
-0.02,-1.34,-4.69,1,1,239,10
-0.04,-1.32,-4.62,1,1,240,10
-0.04,-1.32,-4.69,1,1,240,10
-0.03,-1.33,-4.65,1,1,240,10
-0.01,-1.33,-4.71,1,1,240,10
-0.05,-1.32,-4.70,1,1,239,10
-0.05,-1.34,-4.67,1,1,239,10
-0.04,-1.31,-4.73,1,1,240,10
-0.05,-1.32,-4.71,1,1,239,10
-0.04,-1.34,-4.72,1,1,240,10
-0.06,-1.34,-4.69,1,1,240,10
-0.05,-1.31,-4.71,1,1,241,10
-0.04,-1.33,-4.71,1,1,240,10
-0.05,-1.31,-4.69,1,1,241,10
-0.05,-1.31,-4.70,1,1,241,10
-0.05,-1.33,-4.72,1,1,241,10
-0.04,-1.32,-4.71,1,1,240,10
-0.04,-1.31,-4.73,1,1,241,10
-0.04,-1.32,-4.68,1,1,241,10
-0.05,-1.33,-4.68,1,1,241,10
-0.03,-1.32,-4.75,1,1,241,10
-0.03,-1.32,-4.71,1,1,241,10
-0.03,-1.32,-4.73,1,1,241,10
-0.03,-1.33,-4.69,1,1,241,10
-0.05,-1.33,-4.72,1,1,241,10
-0.03,-1.32,-4.71,1,1,241,10
-0.04,-1.33,-4.72,1,1,242,10
-0.03,-1.34,-4.67,1,1,241,10
-0.03,-1.35,-4.69,1,1,241,10
-0.02,-1.34,-4.71,1,1,241,10
-0.02,-1.34,-4.70,1,1,241,10
-0.03,-1.34,-4.70,1,1,241,10
-0.02,-1.34,-4.71,1,1,241,10
-0.06,-1.33,-4.62,1,1,240,10
-0.03,-1.36,-4.62,1,1,241,10
-0.01,-1.37,-4.66,1,1,241,10
-0.01,-1.37,-4.72,1,1,241,10
0.02,-1.37,-4.68,1,1,242,10
-0.02,-1.36,-4.68,1,1,242,10
-0.03,-1.36,-4.69,1,1,242,10
-0.00,-1.38,-4.68,1,1,241,10
-0.05,-1.37,-4.69,1,1,242,10
0.02,-1.39,-4.66,1,1,242,10
-0.05,-1.35,-4.69,1,1,241,10
0.03,-1.39,-4.66,1,1,242,10
0.01,-1.37,-4.75,1,1,242,10
-0.07,-1.35,-4.71,1,1,242,10
-0.01,-1.37,-4.71,1,1,242,10
-0.01,-1.37,-4.69,1,1,243,10
-0.00,-1.37,-4.70,1,1,242,10
-0.03,-1.36,-4.62,1,1,243,10
-0.02,-1.38,-4.71,1,1,243,10
-0.01,-1.38,-4.68,1,1,243,10
0.00,-1.39,-4.69,1,1,244,10
0.00,-1.37,-4.68,1,1,243,10
0.00,-1.38,-4.71,1,1,243,10
-0.01,-1.39,-4.66,1,1,243,10
-0.03,-1.38,-4.69,1,1,244,10
-0.01,-1.37,-4.69,1,1,243,10
0.00,-1.38,-4.65,1,1,174,10
0.00,-1.31,-4.75,1,1,10,10
0.13,-1.64,-6.12,5,1,3,10
-0.21,-1.42,-4.38,5,0,3,10
-0.03,-1.39,-4.02,5,0,3,10
-0.08,-1.38,-5.04,5,0,4,10
-0.02,-1.36,-4.75,5,0,4,10
-0.04,-1.35,-4.73,5,0,4,10
-0.02,-1.36,-4.62,5,0,3,10
-0.20,-1.35,-4.75,5,0,4,10
0.01,-1.38,-4.43,5,0,4,10
0.00,-1.42,-4.57,5,0,4,10
0.00,-1.41,-4.61,5,0,4,10
0.01,-1.39,-4.68,5,0,4,10
0.03,-1.40,-4.67,5,0,4,10
0.02,-1.40,-4.69,5,0,4,10
0.01,-1.43,-4.66,5,0,3,10
0.02,-1.41,-4.69,5,0,4,10
0.02,-1.44,-4.70,5,0,4,10
0.03,-1.41,-4.56,5,0,4,10
0.01,-1.46,-4.64,5,0,4,10
0.00,-1.43,-4.67,5,0,3,10
-0.00,-1.45,-4.57,5,0,3,10
-0.07,-1.40,-4.75,5,0,3,10
0.00,-1.47,-4.70,5,0,4,10
0.03,-1.46,-4.74,5,0,4,10
0.01,-1.45,-4.62,5,0,3,10
0.02,-1.46,-4.65,5,0,3,10
0.03,-1.46,-4.67,5,0,3,10
-0.20,-1.60,-4.92,5,0,3,10
0.03,-1.46,-4.65,5,0,4,10
0.01,-1.47,-4.67,5,0,3,10
0.02,-1.46,-4.68,5,0,4,10
0.03,-1.46,-4.62,5,0,3,10
0.02,-1.47,-4.67,5,0,3,10
0.02,-1.46,-4.70,5,0,4,10
0.02,-1.46,-4.55,5,0,3,10
0.02,-1.40,-4.10,5,1,4,10
-0.08,0.51,-5.65,1,1,77,10
-0.09,-2.48,-11.65,1,1,4,10
-0.58,-0.38,-2.04,1,1,24,10
-0.40,-1.31,-4.00,1,1,54,10
-0.10,-1.48,-4.47,1,1,70,10
-0.02,-1.35,-4.96,1,1,78,10
-0.01,-1.25,-5.07,1,1,81,10
0.04,-1.28,-4.56,1,1,76,10
-0.09,-1.32,-4.50,1,1,81,10
-0.08,-1.30,-4.72,1,1,91,10
0.02,-1.32,-4.89,1,1,79,10
-0.01,-1.29,-4.61,1,1,90,10
-0.10,-1.30,-4.60,1,1,97,10
-0.05,-1.33,-4.75,1,1,100,10
-0.01,-1.30,-4.76,1,1,110,10
-0.03,-1.32,-4.65,1,1,116,10
-0.06,-1.32,-4.70,1,1,116,10
0.00,-1.34,-4.64,1,1,122,10
-0.06,-1.33,-4.76,1,1,124,10
-0.07,-1.32,-4.55,1,1,122,10
-0.05,-1.34,-4.64,1,1,115,10
-0.06,-1.34,-4.70,1,1,114,10
0.02,-1.36,-4.67,1,1,107,10
0.00,-1.38,-4.72,1,1,101,10
-0.02,-1.38,-4.66,1,1,94,10
-0.00,-1.37,-4.75,1,1,89,10
0.01,-1.37,-4.70,1,1,86,10
0.01,-1.36,-4.67,1,1,86,10
-0.00,-1.37,-4.69,1,1,85,10
0.00,-1.38,-4.70,1,1,84,10
-0.02,-1.38,-4.68,1,1,81,10
0.01,-1.37,-4.69,1,1,69,10
-0.06,-1.36,-4.67,1,1,73,10
0.00,-1.36,-4.70,1,1,61,10
0.01,-1.43,-4.72,1,1,83,10
-0.00,-1.35,-4.72,1,1,104,10
0.03,-1.37,-4.77,1,1,119,10
-0.07,-1.41,-4.78,1,1,116,10
0.05,-1.37,-4.63,1,1,65,10
-0.33,-1.37,-4.58,1,1,79,10
0.23,-1.34,-4.44,1,1,83,10
-0.18,-1.29,-5.02,1,1,74,10
-0.03,-1.37,-4.67,1,1,69,10
0.11,-1.38,-4.65,1,1,78,10
0.07,-1.27,-4.80,1,1,71,10
0.03,-1.31,-4.61,1,1,85,10
0.01,-1.29,-4.70,1,1,95,10
0.02,-1.30,-4.72,1,1,93,10
0.01,-1.31,-4.70,1,1,96,10
0.02,-1.27,-4.70,1,1,99,10
0.01,-1.31,-4.70,1,1,95,10
0.03,-1.29,-4.74,1,1,93,10
0.02,-1.31,-4.72,1,1,97,10
0.01,-1.28,-4.71,1,1,106,10
0.02,-1.29,-4.72,1,1,111,10
0.01,-1.30,-4.74,1,1,111,10
0.01,-1.30,-4.70,1,1,111,10
0.02,-1.29,-4.70,1,1,112,10
0.02,-1.27,-4.74,1,1,108,10
0.01,-1.29,-4.71,1,1,110,10
0.03,-1.29,-4.71,1,1,113,10
0.01,-1.30,-4.72,1,1,117,10
0.02,-1.30,-4.70,1,1,115,10
0.01,-1.30,-4.72,1,1,110,10
0.01,-1.28,-4.74,1,1,108,10
0.01,-1.29,-4.70,1,1,105,10
0.02,-1.29,-4.71,1,1,102,10
0.01,-1.30,-4.75,1,1,100,10
0.01,-1.30,-4.69,1,1,98,10
0.01,-1.28,-4.72,1,1,96,10
0.01,-1.30,-4.74,1,1,98,10
0.01,-1.30,-4.70,1,1,102,10
0.00,-1.30,-4.74,1,1,106,10
0.02,-1.31,-4.74,1,1,108,10
0.01,-1.29,-4.72,1,1,110,10
0.03,-1.30,-4.70,1,1,110,10
0.02,-1.30,-4.73,1,1,112,10
0.02,-1.30,-4.72,1,1,111,10
0.02,-1.30,-4.71,1,1,113,10
0.01,-1.30,-4.69,1,1,115,10
0.01,-1.30,-4.74,1,1,117,10
0.02,-1.29,-4.70,1,1,119,10
0.02,-1.30,-4.73,1,1,124,10
0.01,-1.30,-4.70,1,1,126,10
0.03,-1.32,-4.71,1,1,129,10
0.01,-1.29,-4.70,1,1,127,10
0.02,-1.30,-4.72,1,1,128,10
0.03,-1.30,-4.69,1,1,127,10
0.02,-1.31,-4.68,1,1,130,10
0.02,-1.29,-4.72,1,1,132,10
0.02,-1.30,-4.72,1,1,134,10
0.04,-1.29,-4.71,1,1,137,10
0.02,-1.29,-4.72,1,1,139,10
0.03,-1.30,-4.71,1,1,139,10
0.01,-1.28,-4.71,1,1,141,10
0.02,-1.32,-4.70,1,1,141,10
0.04,-1.32,-4.70,1,1,143,10
0.02,-1.29,-4.71,1,1,142,10
0.01,-1.31,-4.72,1,1,145,10
0.01,-1.31,-4.69,1,1,147,10
-0.02,-1.30,-4.66,1,1,149,10
0.01,-1.32,-4.78,1,1,148,10
0.03,-1.30,-4.70,1,1,149,10
0.03,-1.29,-4.70,1,1,150,10
0.05,-1.29,-4.72,1,1,150,10
0.01,-1.31,-4.75,1,1,149,10
0.03,-1.31,-4.72,1,1,151,10
0.01,-1.32,-4.73,1,1,152,10
0.05,-1.31,-4.69,1,1,154,10
0.04,-1.31,-4.74,1,1,156,10
0.04,-1.30,-4.70,1,1,157,10
0.04,-1.32,-4.74,1,1,157,10
0.16,-1.23,-5.05,1,1,158,10
0.07,-1.32,-4.69,1,1,158,10
0.07,-1.32,-4.61,1,1,159,10
0.07,-1.34,-4.67,1,1,161,10
0.06,-1.35,-4.67,1,1,162,10
0.09,-1.34,-4.72,1,1,163,10
0.05,-1.35,-4.67,1,1,164,10
0.04,-1.44,-4.87,1,1,163,10
0.14,-1.36,-4.71,1,1,164,10
0.14,-1.37,-4.70,1,1,164,10
0.16,-1.35,-4.69,1,1,165,10
0.14,-1.47,-4.71,1,1,165,10
0.21,-1.36,-4.64,1,1,166,10
0.20,-1.38,-4.63,1,1,168,10
0.20,-1.42,-4.66,1,1,167,10
0.21,-1.44,-4.67,1,1,167,10
0.28,-1.40,-4.70,1,1,169,10
0.26,-1.43,-4.66,1,1,168,10
0.26,-1.44,-4.61,1,1,170,10
0.28,-1.44,-4.70,1,1,169,10
0.28,-1.43,-4.65,1,1,169,10
0.31,-1.42,-4.62,1,1,170,10
0.30,-1.44,-4.62,1,1,169,10
0.39,-1.42,-4.77,1,1,169,10
0.25,-1.46,-4.62,1,1,170,10
0.32,-1.46,-4.70,1,1,170,10
0.33,-1.43,-4.64,1,1,171,10
0.32,-1.45,-4.58,1,1,171,10
0.34,-1.45,-4.66,1,1,171,10
0.34,-1.45,-4.66,1,1,173,10
0.33,-1.46,-4.62,1,1,172,10
0.34,-1.46,-4.75,1,1,174,10
0.34,-1.48,-4.61,1,1,173,10
0.35,-1.47,-4.63,1,1,173,10
0.37,-1.48,-4.65,1,1,174,10
0.49,-1.39,-4.44,1,1,174,10
0.36,-1.60,-4.73,1,1,175,10
0.42,-1.55,-4.65,1,1,174,10
0.41,-1.49,-4.58,1,1,175,10
0.37,-1.49,-4.62,1,1,174,10
0.40,-1.51,-4.57,1,1,174,10
0.39,-1.50,-4.64,1,1,175,10
0.40,-1.49,-4.57,1,1,175,10
0.38,-1.48,-4.68,1,1,175,10
0.36,-1.50,-4.61,1,1,176,10
0.39,-1.51,-4.61,1,1,176,10
0.06,-2.43,-4.95,1,1,177,10
0.66,-1.59,-4.59,3,1,176,10
0.32,-1.64,-4.09,3,1,175,10
0.38,-1.66,-4.53,3,1,177,10
0.48,-1.58,-4.73,3,1,177,10
0.40,-1.65,-4.64,3,1,178,10
0.41,-1.62,-4.57,3,1,180,10
0.39,-1.64,-4.57,3,1,179,10
0.37,-1.64,-4.47,3,1,179,10
0.37,-1.62,-4.61,3,1,179,10
0.39,-1.62,-4.59,3,1,180,10
0.39,-1.65,-4.50,3,1,180,10
0.39,-1.62,-4.61,3,1,181,10
0.38,-1.65,-4.53,3,1,181,10
0.38,-1.63,-4.55,3,1,181,10
0.37,-1.62,-4.60,3,1,181,10
0.37,-1.64,-4.58,3,1,182,10
0.38,-1.63,-4.55,3,1,181,10
0.38,-1.63,-4.59,3,1,181,10
0.35,-1.63,-4.60,3,1,182,10
0.38,-1.62,-4.59,3,1,182,10
0.36,-1.63,-4.59,3,1,181,10
0.35,-1.62,-4.60,3,1,182,10
0.36,-1.61,-4.59,3,1,182,10
0.35,-1.61,-4.60,3,1,183,10
0.35,-1.60,-4.60,3,1,182,10
0.35,-1.61,-4.61,3,1,183,10
0.35,-1.62,-4.61,3,1,183,10
0.35,-1.60,-4.58,3,1,183,10
0.35,-1.61,-4.56,3,1,183,10
0.35,-1.61,-4.60,3,1,183,10
0.36,-1.61,-4.59,3,1,183,10
0.35,-1.60,-4.56,3,1,183,10
0.36,-1.62,-4.56,3,1,183,10
0.38,-1.59,-4.59,3,1,183,10
0.34,-1.58,-4.39,1,1,183,10
0.36,-1.61,-4.56,1,1,184,10
0.35,-1.63,-4.53,1,1,184,10
0.37,-1.61,-4.56,1,1,184,10
0.37,-1.61,-4.63,1,1,184,10
0.36,-1.63,-4.58,1,1,185,10
0.37,-1.62,-4.57,1,1,184,10
0.35,-1.62,-4.59,1,1,184,10
0.36,-1.60,-4.56,1,1,184,10
0.35,-1.61,-4.56,1,1,185,10
0.35,-1.61,-4.53,1,1,185,10
0.33,-1.62,-4.56,1,1,185,10
0.30,-1.61,-4.53,1,1,185,10
0.36,-1.58,-4.63,1,1,185,10
0.31,-1.57,-4.57,1,1,186,10
0.29,-1.59,-4.57,1,1,185,10
0.33,-1.57,-4.58,1,1,185,10
0.33,-1.56,-4.58,1,1,186,10
0.31,-1.57,-4.58,1,1,185,10
0.30,-1.56,-4.61,1,1,185,10
0.31,-1.56,-4.63,1,1,185,10
0.28,-1.53,-4.58,1,1,185,10
0.28,-1.54,-4.62,1,1,186,10
0.30,-1.53,-4.58,1,1,185,10
0.28,-1.52,-4.64,1,1,185,10
0.26,-1.54,-4.66,1,1,186,10
0.28,-1.52,-4.62,1,1,186,10
0.28,-1.53,-4.62,1,1,186,10
0.27,-1.52,-4.63,1,1,186,10
0.27,-1.53,-4.61,1,1,186,10
0.28,-1.52,-4.63,1,1,186,10
0.26,-1.54,-4.64,1,1,186,10
0.27,-1.51,-4.59,1,1,187,10
0.27,-1.52,-4.64,1,1,187,10
0.27,-1.51,-4.63,1,1,186,10
0.27,-1.51,-4.61,1,1,187,10
0.25,-1.53,-4.61,1,1,187,10
0.28,-1.53,-4.64,1,1,187,10
0.28,-1.52,-4.62,1,1,187,10
0.27,-1.54,-4.63,1,1,188,10
0.25,-1.52,-4.63,1,1,187,10
0.28,-1.50,-4.61,1,1,187,10
0.25,-1.53,-4.63,1,1,187,10
0.28,-1.52,-4.66,1,1,187,10
0.28,-1.53,-4.59,1,1,187,10
0.28,-1.52,-4.59,1,1,187,10
0.27,-1.51,-4.61,1,1,187,10
0.28,-1.52,-4.62,1,1,187,10
0.29,-1.52,-4.62,1,1,187,10
0.28,-1.54,-4.64,1,1,188,10
0.28,-1.53,-4.61,1,1,188,10
0.27,-1.53,-4.62,1,1,188,10
0.26,-1.53,-4.65,1,1,188,10
0.29,-1.54,-4.63,1,1,187,10
0.28,-1.54,-4.60,1,1,188,10
0.28,-1.51,-4.64,1,1,188,10
0.27,-1.54,-4.58,1,1,189,10
0.29,-1.54,-4.62,1,1,187,10
0.29,-1.54,-4.61,1,1,188,10
0.28,-1.53,-4.61,1,1,188,10
0.28,-1.53,-4.67,1,1,189,10
0.28,-1.53,-4.63,1,1,188,10
0.29,-1.51,-4.66,1,1,189,10
0.27,-1.54,-4.67,1,1,189,10
0.28,-1.51,-4.61,1,1,189,10
0.25,-1.50,-4.64,1,1,189,10
0.27,-1.53,-4.66,1,1,189,10
0.26,-1.54,-4.61,1,1,189,10
0.25,-1.53,-4.63,1,1,189,10
0.27,-1.52,-4.64,1,1,189,10
0.19,-1.53,-4.55,1,1,189,10
0.23,-1.52,-4.64,1,1,190,10
0.25,-1.50,-4.63,1,1,188,10
0.24,-1.47,-4.61,1,1,190,10
0.20,-1.50,-4.69,1,1,188,10
0.21,-1.47,-4.65,1,1,189,10
0.24,-1.46,-4.67,1,1,189,10
0.19,-1.48,-4.62,1,1,189,10
0.23,-1.44,-4.74,1,1,189,10
0.16,-1.49,-4.62,1,1,189,10
0.17,-1.41,-4.70,1,1,189,10
0.12,-1.41,-4.66,1,1,189,10
0.11,-1.45,-4.63,1,1,188,10
0.09,-1.43,-4.64,1,1,188,10
0.09,-1.41,-4.57,1,1,188,10
0.12,-1.42,-4.78,1,1,188,10
0.01,-1.38,-4.68,1,1,189,10
0.06,-1.36,-4.70,1,1,189,10
0.12,-1.41,-4.66,1,1,189,10
0.03,-1.35,-4.70,1,1,188,10
0.04,-1.33,-4.69,1,1,188,10
0.03,-1.33,-4.69,1,1,188,10
-0.02,-1.34,-4.62,1,1,187,10
0.01,-1.35,-4.68,1,1,188,10
0.01,-1.33,-4.72,1,1,189,10
0.01,-1.34,-4.72,1,1,188,10
0.01,-1.31,-4.71,1,1,189,10
0.03,-1.30,-4.70,1,1,189,10
0.00,-1.32,-4.70,1,1,189,10
0.01,-1.31,-4.70,1,1,189,10
-0.20,-1.41,-4.68,1,1,189,10
0.20,-1.49,-4.22,1,1,189,10
0.29,-1.15,-4.19,1,1,188,10
0.39,-0.95,-4.02,1,1,189,10
0.01,-1.33,-4.66,1,1,189,10
0.03,-1.33,-4.72,1,1,189,10
0.02,-1.31,-4.74,1,1,188,10
0.01,-1.33,-4.69,1,1,188,10
0.02,-1.33,-4.70,1,1,189,10
0.02,-1.31,-4.70,1,1,189,10
0.01,-1.32,-4.68,1,1,189,10
0.01,-1.32,-4.72,1,1,189,10
0.00,-1.32,-4.70,1,1,189,10
0.00,-1.35,-4.68,1,1,189,10
0.01,-1.33,-4.70,1,1,189,10
0.02,-1.32,-4.70,1,1,189,10
0.02,-1.33,-4.71,1,1,189,10
0.01,-1.34,-4.70,1,1,189,10
-0.00,-1.34,-4.70,1,1,189,10
0.02,-1.35,-4.71,1,1,190,10
0.00,-1.34,-4.70,1,1,190,10
-0.01,-1.34,-4.72,1,1,190,10
0.04,-1.32,-4.69,1,1,190,10
0.01,-1.33,-4.74,1,1,190,10
0.00,-1.33,-4.68,1,1,190,10
0.03,-1.32,-4.70,1,1,190,10
0.01,-1.32,-4.72,1,1,190,10
-0.00,-1.34,-4.69,1,1,190,10
0.02,-1.34,-4.69,1,1,190,10
0.02,-1.34,-4.72,1,1,190,10
0.02,-1.33,-4.69,1,1,190,10
0.02,-1.33,-4.67,1,1,190,10
0.01,-1.31,-4.71,1,1,190,10
0.04,-1.33,-4.70,1,1,191,10
0.03,-1.33,-4.68,1,1,191,10
0.00,-1.32,-4.70,1,1,191,10
0.02,-1.34,-4.72,1,1,190,10
0.00,-1.34,-4.70,1,1,190,10
-0.00,-1.33,-4.72,1,1,191,10
0.01,-1.33,-4.73,1,1,191,10
0.01,-1.34,-4.72,1,1,191,10
0.02,-1.33,-4.71,1,1,192,10
0.02,-1.33,-4.71,1,1,192,10
0.02,-1.33,-4.71,1,1,192,10
0.00,-1.34,-4.72,1,1,191,10
0.01,-1.34,-4.72,1,1,192,10
0.02,-1.33,-4.72,1,1,192,10
0.02,-1.33,-4.72,1,1,191,10
0.01,-1.34,-4.74,1,1,190,10
0.02,-1.34,-4.70,1,1,183,10
0.01,-1.34,-4.70,1,1,180,10
0.01,-1.34,-4.73,1,1,176,10
0.02,-1.34,-4.70,1,1,178,10
0.02,-1.36,-4.71,1,1,180,10
0.01,-1.34,-4.71,1,1,181,10
0.01,-1.33,-4.70,1,1,180,10
0.01,-1.34,-4.71,1,1,177,10
0.00,-1.34,-4.69,1,1,179,10
0.03,-1.34,-4.70,1,1,150,10
0.03,-1.33,-4.76,1,1,64,10
0.25,-1.24,-3.79,1,1,7,10
0.83,-1.18,-4.77,1,0,4,10
-0.00,-1.71,-4.93,1,0,4,10
0.15,-1.36,-4.67,1,0,4,10
0.00,-1.40,-4.54,1,0,3,10
-0.03,-1.46,-4.79,1,0,4,10
0.02,-1.41,-4.77,1,0,4,10
0.01,-1.42,-4.60,1,0,4,10
0.01,-1.40,-4.69,1,0,4,10
0.03,-1.41,-4.68,1,0,4,10
0.03,-1.42,-4.68,1,0,3,10
0.05,-1.42,-4.66,1,0,4,10
0.01,-1.42,-4.64,1,0,3,10
0.02,-1.40,-4.67,1,0,3,10
0.03,-1.41,-4.67,1,0,3,10
0.03,-1.44,-4.68,1,0,3,10
0.03,-1.40,-4.69,1,0,3,10
0.03,-1.44,-4.62,1,0,3,10
0.04,-1.41,-4.67,1,0,3,10
0.03,-1.45,-4.92,1,0,3,10
0.02,-1.41,-4.69,1,0,3,10
0.02,-1.40,-4.60,1,0,3,10
0.03,-1.42,-4.68,1,0,3,10
0.03,-1.43,-4.69,1,0,4,10
0.02,-1.43,-4.67,1,0,3,10
0.01,-1.43,-4.68,1,0,3,10
0.03,-1.41,-4.67,1,0,3,10
0.02,-1.41,-4.64,1,0,3,10
0.04,-1.41,-4.69,1,0,3,10
0.03,-1.43,-4.66,1,0,3,10
0.04,-1.41,-4.67,1,0,3,10
0.02,-1.41,-4.68,1,0,3,10
0.04,-1.42,-4.68,1,0,3,10
0.02,-1.41,-4.63,1,0,3,10
0.04,-1.43,-4.71,1,0,3,10
0.03,-1.41,-4.67,1,0,3,10
0.01,-1.42,-4.65,1,0,3,10
0.05,-1.43,-4.69,1,0,4,10
0.01,-1.45,-4.66,1,0,4,10
0.01,-1.43,-4.63,1,0,3,10
-0.01,-1.44,-4.55,1,0,4,10
0.07,-1.52,-4.71,1,1,3,10
0.02,-1.41,-4.66,1,1,3,10
0.03,-1.42,-4.64,1,1,3,10
0.03,-1.42,-4.64,1,1,3,10
0.04,-1.43,-4.67,1,1,3,10
0.04,-1.40,-4.68,1,1,3,10
-0.26,-1.17,-6.71,1,1,8,10
-0.20,-1.70,-4.75,1,1,3,10
0.61,-1.70,-6.35,1,1,55,10
0.34,-1.23,-4.29,1,1,49,10
-0.35,-1.16,-3.32,1,1,63,10
-0.23,-1.40,-4.70,1,1,77,10
0.16,-1.54,-5.12,1,1,91,10
0.01,-1.34,-5.08,1,1,91,10
0.17,-1.34,-4.88,1,1,103,10
-0.08,-1.35,-4.39,1,1,98,10
0.04,-1.44,-4.91,1,1,105,10
0.05,-1.40,-4.76,1,1,113,10
0.02,-1.37,-4.56,1,1,116,10
0.02,-1.36,-4.65,1,1,122,10
0.01,-1.40,-4.79,1,1,118,10
0.03,-1.37,-4.67,1,1,123,10
0.02,-1.39,-4.65,1,1,133,10
0.02,-1.37,-4.70,1,1,130,10
0.02,-1.38,-4.69,1,1,118,10
0.02,-1.37,-4.71,1,1,116,10
0.03,-1.37,-4.65,1,1,118,10
0.01,-1.38,-4.71,1,1,121,10
0.00,-1.38,-4.74,1,1,125,10
0.01,-1.41,-4.66,1,1,124,10
0.02,-1.39,-4.68,1,1,125,10
0.03,-1.38,-4.71,1,1,134,10
0.01,-1.38,-4.70,1,1,130,10
0.02,-1.38,-4.69,1,1,124,10
0.02,-1.38,-4.70,1,1,118,10
0.02,-1.39,-4.70,1,1,116,10
0.02,-1.38,-4.70,1,1,116,10
0.02,-1.37,-4.70,1,1,113,10
0.02,-1.38,-4.71,1,1,115,10
0.02,-1.37,-4.70,1,1,113,10
0.02,-1.39,-4.70,1,1,112,10
0.03,-1.38,-4.69,1,1,112,10
0.03,-1.39,-4.70,1,1,114,10
0.02,-1.39,-4.69,1,1,114,10
0.02,-1.39,-4.70,1,1,114,10
0.04,-1.39,-4.68,1,1,112,10
0.04,-1.38,-4.70,1,1,111,10
0.01,-1.39,-4.68,1,1,113,10
0.02,-1.39,-4.65,1,1,112,10
0.02,-1.37,-4.70,1,1,107,10
0.02,-1.38,-4.68,1,1,106,10
0.03,-1.38,-4.69,1,1,101,10
0.02,-1.39,-4.71,1,1,96,10
0.02,-1.40,-4.70,1,1,91,10
0.01,-1.40,-4.66,1,1,97,10
0.05,-1.39,-4.71,1,1,91,10
-0.03,-1.38,-4.70,1,1,79,10
0.06,-1.37,-4.73,1,1,55,10
0.03,-1.40,-4.74,1,1,3,10
0.00,-1.36,-4.68,1,1,3,10
0.36,-1.32,-5.05,1,0,3,10
-0.12,-1.47,-4.62,1,0,3,10
0.08,-1.42,-4.48,1,0,3,10
0.13,-1.39,-4.81,1,0,3,10
0.01,-1.38,-4.76,1,0,3,10
0.02,-1.41,-4.67,1,0,3,10
0.02,-1.40,-4.70,1,0,3,10
0.02,-1.39,-4.68,1,0,3,10
0.01,-1.39,-4.64,1,0,3,10
0.03,-1.40,-4.71,1,0,3,10
0.00,-1.39,-4.66,1,0,3,10
0.00,-1.39,-4.74,1,0,3,10
0.04,-1.41,-4.73,1,0,3,10
0.00,-1.41,-4.68,1,0,3,10
-0.11,-1.36,-4.58,1,0,3,10
0.03,-1.38,-4.77,1,0,3,10
-0.00,-1.36,-4.68,1,0,4,10
0.16,-1.39,-4.64,1,0,3,10
0.02,-1.37,-4.68,1,0,3,10
-0.00,-1.34,-4.71,1,0,3,10
0.03,-1.37,-4.70,1,0,3,10
0.00,-1.36,-4.69,1,0,3,10
0.00,-1.36,-4.70,1,0,3,10
0.00,-1.37,-4.70,1,0,3,10
0.07,-1.35,-4.50,1,0,4,10
0.01,-1.36,-4.68,1,0,3,10
0.02,-1.36,-4.71,1,0,4,10
0.02,-1.37,-4.71,1,0,3,10
0.02,-1.35,-4.69,1,0,4,10
0.04,-1.36,-4.67,1,0,3,10
0.02,-1.36,-4.70,1,0,3,10
0.03,-1.37,-4.68,1,0,3,10
0.03,-1.37,-4.69,1,0,3,10
0.03,-1.38,-4.69,1,0,3,10
0.02,-1.37,-4.68,1,0,4,10
0.05,-1.37,-4.70,1,0,4,10
0.02,-1.36,-4.71,1,0,3,10
0.04,-1.38,-4.70,1,0,3,10
0.03,-1.36,-4.69,1,0,4,10
0.03,-1.36,-4.79,1,0,4,10
-0.07,-1.31,-4.42,1,1,4,10
0.02,-1.37,-4.68,1,1,4,10
0.10,-1.47,-4.70,1,1,3,10
0.40,-0.85,-5.24,1,1,23,10
0.56,-0.99,-2.47,5,1,4,10
0.06,-1.12,-5.17,5,1,24,10
0.08,-1.39,-4.51,5,1,55,10
-0.15,-1.37,-4.66,5,1,75,10
0.03,-1.32,-4.99,5,1,85,10
0.05,-1.21,-4.89,5,1,95,10
-0.09,-1.27,-4.33,5,1,110,10
-0.06,-1.25,-4.54,5,1,117,10
0.08,-1.34,-4.79,5,1,117,10
0.02,-1.28,-4.92,5,1,115,10
-0.06,-1.27,-4.56,5,1,133,10
-0.06,-1.31,-4.54,5,1,126,10
0.03,-1.30,-4.75,5,1,141,10
-0.04,-1.33,-4.81,5,1,136,10
-0.01,-1.30,-4.60,5,1,125,10
-0.04,-1.30,-4.62,5,1,122,10
0.02,-1.31,-4.75,5,1,124,10
-0.01,-1.32,-4.75,5,1,116,10
-0.01,-1.31,-4.69,5,1,117,10
-0.01,-1.30,-4.69,5,1,117,10
0.10,-1.35,-4.66,5,1,115,10
0.01,-1.31,-4.76,5,1,112,10
0.00,-1.31,-4.63,5,1,113,10
0.01,-1.31,-4.66,5,1,125,10
-0.02,-1.30,-4.67,5,1,132,10
0.04,-1.31,-4.73,5,1,133,10
-0.01,-1.29,-4.66,5,1,141,10
-0.01,-1.30,-4.73,5,1,148,10
-0.04,-1.29,-4.68,5,1,151,10
-0.01,-1.27,-4.74,5,1,150,10
-0.00,-1.32,-4.70,5,1,131,10
-0.01,-1.30,-4.70,5,1,118,10
-0.00,-1.29,-4.67,5,1,123,10
-0.02,-1.30,-4.71,5,1,124,10
-0.00,-1.32,-4.73,5,1,125,10
-0.01,-1.30,-4.68,5,1,130,10
-0.00,-1.31,-4.68,5,1,132,10
-0.00,-1.32,-4.73,5,1,139,10
-0.01,-1.31,-4.69,5,1,146,10
0.00,-1.30,-4.70,5,1,148,10
0.04,-1.34,-4.66,5,1,144,10
0.02,-1.32,-4.72,5,1,138,10
0.05,-1.32,-4.69,5,1,131,10
0.02,-1.34,-4.67,5,1,135,10
0.00,-1.32,-4.69,5,1,135,10
0.03,-1.34,-4.70,5,1,145,10
0.01,-1.33,-4.71,5,1,148,10
0.03,-1.35,-4.63,5,1,147,10
0.01,-1.33,-4.72,5,1,148,10
0.00,-1.31,-4.71,5,1,150,10
0.01,-1.33,-4.69,5,1,150,10
0.02,-1.33,-4.71,5,1,154,10
0.01,-1.31,-4.67,5,1,158,10
-0.00,-1.33,-4.69,5,1,165,10
0.01,-1.32,-4.70,5,1,166,10
0.01,-1.32,-4.72,5,1,165,10
-0.00,-1.32,-4.70,5,1,163,10
0.03,-1.31,-4.68,5,1,158,10
-0.00,-1.31,-4.76,5,1,155,10
0.02,-1.32,-4.69,5,1,156,10
0.01,-1.32,-4.72,5,1,164,10
0.02,-1.32,-4.68,5,1,167,10
-0.00,-1.33,-4.70,5,1,170,10
0.03,-1.33,-4.70,5,1,167,10
0.03,-1.34,-4.70,5,1,172,10
-0.00,-1.33,-4.68,5,1,173,10
0.03,-1.34,-4.70,5,1,178,10
0.01,-1.33,-4.69,5,1,182,10
0.03,-1.33,-4.71,5,1,184,10
0.03,-1.33,-4.72,5,1,183,10
0.01,-1.34,-4.70,5,1,180,10
0.04,-1.34,-4.69,5,1,177,10
0.04,-1.33,-4.70,5,1,179,10
0.04,-1.36,-4.91,5,1,184,10
0.02,-1.34,-4.69,5,1,187,10
0.02,-1.34,-4.69,5,1,188,10
0.02,-1.33,-4.69,5,1,189,10
0.02,-1.34,-4.74,5,1,190,10
0.03,-1.35,-4.67,5,1,191,10
0.03,-1.34,-4.72,5,1,193,10
0.02,-1.36,-4.69,5,1,197,10
0.02,-1.35,-4.69,5,1,198,10
-0.01,-1.35,-4.58,5,1,197,10
0.00,-1.32,-4.61,5,1,194,10
0.02,-1.36,-4.72,5,1,196,10
0.02,-1.36,-4.70,5,1,198,10
0.03,-1.36,-4.70,5,1,201,10
0.04,-1.35,-4.74,5,1,202,10
0.03,-1.36,-4.70,5,1,204,10
0.02,-1.36,-4.71,5,1,204,10
0.01,-1.38,-4.72,5,1,206,10
0.03,-1.36,-4.72,5,1,208,10
0.04,-1.37,-4.70,5,1,209,10
0.04,-1.38,-4.72,5,1,209,10
0.02,-1.36,-4.68,5,1,207,10
0.04,-1.37,-4.69,5,1,209,10
0.04,-1.36,-4.73,5,1,209,10
0.02,-1.36,-4.72,5,1,212,10
0.03,-1.35,-4.67,5,1,213,10
0.03,-1.37,-4.70,5,1,213,10
0.02,-1.36,-4.70,5,1,214,10
0.04,-1.37,-4.69,5,1,216,10
0.04,-1.37,-4.71,5,1,216,10
0.01,-1.36,-4.69,5,1,217,10
0.04,-1.35,-4.68,5,1,217,10
0.03,-1.37,-4.69,5,1,216,10
0.02,-1.35,-4.69,5,1,216,10
0.02,-1.36,-4.70,5,1,218,10
0.00,-1.35,-4.71,5,1,219,10
0.01,-1.33,-4.65,5,1,218,10
0.04,-1.37,-4.69,5,1,219,10
0.03,-1.36,-4.73,5,1,220,10
0.02,-1.36,-4.73,5,1,222,10
0.03,-1.33,-4.69,5,1,222,10
0.02,-1.33,-4.69,5,1,222,10
0.01,-1.35,-4.70,5,1,222,10
0.02,-1.36,-4.73,5,1,222,10
0.04,-1.34,-4.71,5,1,222,10
0.01,-1.33,-4.68,5,1,222,10
0.06,-1.34,-4.71,5,1,222,10
0.03,-1.34,-4.70,5,1,224,10
0.01,-1.35,-4.71,5,1,224,10
0.03,-1.35,-4.67,5,1,224,10
0.02,-1.33,-4.71,5,1,226,10
0.03,-1.35,-4.69,5,1,226,10
-0.02,-1.36,-4.71,5,1,226,10
0.00,-1.34,-4.70,5,1,227,10
0.02,-1.34,-4.70,5,1,226,10
0.03,-1.35,-4.68,5,1,226,10
0.00,-1.32,-4.85,5,1,227,10
0.01,-1.33,-4.71,5,1,227,10
0.01,-1.34,-4.69,5,1,228,10
0.00,-1.34,-4.71,5,1,228,10
0.01,-1.33,-4.70,5,1,227,10
0.02,-1.35,-4.75,5,1,229,10
0.02,-1.34,-4.71,5,1,228,10
0.03,-1.34,-4.72,5,1,228,10
0.02,-1.34,-4.72,5,1,229,10
0.01,-1.33,-4.70,5,1,228,10
0.00,-1.35,-4.71,5,1,228,10
0.02,-1.35,-4.70,5,1,229,10
0.03,-1.35,-4.72,5,1,229,10
0.02,-1.33,-4.69,5,1,230,10
0.03,-1.33,-4.73,5,1,229,10
-0.15,-1.30,-4.82,5,1,230,10
0.02,-1.32,-4.64,5,1,231,10
0.02,-1.33,-4.70,5,1,230,10
0.01,-1.32,-4.68,5,1,230,10
0.01,-1.33,-4.77,5,1,231,10
0.03,-1.35,-4.67,5,1,231,10
0.03,-1.35,-4.66,5,1,231,10
0.01,-1.30,-4.75,5,1,231,10
0.00,-1.32,-4.72,5,1,231,10
-0.01,-1.31,-4.76,5,1,231,10
0.03,-1.31,-4.73,5,1,230,10
0.00,-1.33,-4.69,5,1,232,10
0.02,-1.34,-4.72,5,1,231,10
0.01,-1.34,-4.72,5,1,231,10
0.02,-1.30,-4.73,5,1,231,10
0.03,-1.34,-4.68,5,1,232,10
0.03,-1.33,-4.66,5,1,232,10
0.00,-1.32,-4.70,5,1,231,10
0.03,-1.31,-4.70,5,1,231,10
0.01,-1.32,-4.70,5,1,230,10
0.02,-1.32,-4.70,5,1,231,10
0.02,-1.33,-4.71,5,1,230,10
0.01,-1.32,-4.70,5,1,231,10
0.03,-1.34,-4.71,5,1,231,10
0.03,-1.34,-4.72,5,1,231,10
0.04,-1.35,-4.70,5,1,232,10
0.03,-1.34,-4.70,5,1,232,10
0.03,-1.33,-4.73,5,1,231,10
0.02,-1.34,-4.72,5,1,232,10
0.01,-1.34,-4.71,5,1,232,10
0.02,-1.34,-4.71,5,1,232,10
0.03,-1.32,-4.70,5,1,232,10
0.01,-1.32,-4.69,5,1,233,10
0.00,-1.33,-4.72,5,1,232,10
0.02,-1.32,-4.70,5,1,232,10
0.03,-1.35,-4.71,5,1,233,10
0.00,-1.34,-4.73,5,1,233,10
0.02,-1.33,-4.69,5,1,234,10
0.00,-1.35,-4.70,5,1,234,10
0.01,-1.33,-4.72,5,1,234,10
0.01,-1.34,-4.69,5,1,234,10
0.02,-1.35,-4.70,5,1,235,10
0.04,-1.37,-4.85,5,1,234,10
0.01,-1.34,-4.69,5,1,235,10
0.01,-1.34,-4.67,5,1,234,10
0.01,-1.35,-4.68,5,1,234,10
0.02,-1.35,-4.70,5,1,235,10
0.03,-1.35,-4.70,5,1,235,10
0.03,-1.33,-4.71,5,1,234,10
0.03,-1.35,-4.68,5,1,235,10
0.02,-1.33,-4.70,5,1,235,10
0.03,-1.33,-4.67,5,1,235,10
0.04,-1.36,-4.69,5,1,234,10
0.02,-1.35,-4.71,5,1,234,10
0.02,-1.33,-4.69,5,1,235,10
0.03,-1.34,-4.70,5,1,235,10
0.04,-1.32,-4.71,5,1,235,10
0.02,-1.35,-4.70,5,1,235,10
0.03,-1.36,-4.67,5,1,234,10
0.02,-1.34,-4.72,5,1,235,10
0.01,-1.35,-4.68,5,1,235,10
0.01,-1.34,-4.70,5,1,235,10
0.00,-1.34,-4.72,5,1,235,10
0.02,-1.35,-4.69,5,1,235,10
0.02,-1.33,-4.68,5,1,234,10
0.03,-1.33,-4.70,5,1,234,10
0.01,-1.35,-4.70,5,1,235,10
0.03,-1.33,-4.67,5,1,235,10
0.01,-1.35,-4.70,5,1,236,10
0.00,-1.34,-4.70,5,1,236,10
0.02,-1.34,-4.69,5,1,235,10
0.02,-1.36,-4.71,5,1,235,10
0.04,-1.34,-4.71,5,1,236,10
0.03,-1.32,-4.70,5,1,235,10
0.00,-1.35,-4.69,5,1,236,10
0.01,-1.35,-4.69,5,1,235,10
0.01,-1.33,-4.69,5,1,236,10
0.00,-1.34,-4.71,5,1,236,10
0.04,-1.35,-4.75,5,1,236,10
0.01,-1.34,-4.70,5,1,236,10
0.03,-1.33,-4.69,5,1,236,10
0.02,-1.35,-4.68,5,1,236,10
0.01,-1.34,-4.69,5,1,238,10
0.02,-1.35,-4.71,5,1,237,10
0.03,-1.36,-4.70,5,1,236,10
0.03,-1.35,-4.69,5,1,237,10
0.03,-1.36,-4.72,5,1,237,10
0.01,-1.34,-4.70,5,1,236,10
0.04,-1.33,-4.68,5,1,238,10
0.01,-1.35,-4.71,5,1,237,10
0.05,-1.35,-4.79,5,1,237,10
0.03,-1.34,-4.69,5,1,237,10
0.03,-1.35,-4.69,5,1,238,10
0.05,-1.34,-4.67,5,1,237,10
0.04,-1.35,-4.69,5,1,237,10
0.01,-1.35,-4.70,5,1,237,10
0.02,-1.34,-4.70,5,1,238,10
0.03,-1.34,-4.70,5,1,238,10
0.04,-1.36,-4.70,5,1,238,10
0.03,-1.36,-4.73,5,1,239,10
0.02,-1.34,-4.71,5,1,239,10
0.01,-1.36,-4.79,5,1,215,10
0.02,-1.31,-4.65,5,1,61,10
-0.46,-1.68,-5.52,5,1,3,10
-0.68,-1.56,-4.70,5,0,3,10
-0.05,-1.47,-4.64,5,0,3,10
0.35,-1.32,-4.45,5,0,4,10
0.16,-1.38,-4.87,5,0,4,10
0.00,-1.42,-4.49,5,0,3,10
-0.07,-1.37,-4.44,5,0,3,10
0.01,-1.39,-4.69,5,0,3,10
0.01,-1.40,-4.71,5,0,3,10
0.04,-1.40,-4.67,5,0,3,10
0.00,-1.38,-4.55,5,0,3,10
0.03,-1.40,-4.68,5,0,3,10
0.03,-1.40,-4.70,5,0,3,10
0.02,-1.38,-4.70,5,0,3,10
0.03,-1.40,-4.69,5,0,3,10
0.03,-1.40,-4.70,5,0,3,10
0.03,-1.41,-4.68,5,0,3,10
0.04,-1.39,-4.59,5,0,3,10
0.04,-1.40,-4.70,5,0,3,10
0.01,-1.40,-4.67,5,0,3,10
0.04,-1.39,-4.70,5,0,4,10
0.05,-1.39,-4.69,5,0,3,10
0.02,-1.41,-4.69,5,0,3,10
0.05,-1.39,-4.68,5,0,3,10
0.03,-1.40,-4.68,5,0,3,10
0.03,-1.40,-4.69,5,0,3,10
0.04,-1.41,-4.70,5,0,3,10
0.06,-1.41,-4.68,5,0,3,10
0.03,-1.41,-4.71,5,0,4,10
0.06,-1.38,-4.66,5,0,3,10
-0.00,-1.39,-4.66,5,0,3,10
0.04,-1.41,-4.70,5,0,3,10
0.03,-1.41,-4.69,5,0,3,10
0.04,-1.40,-4.69,5,0,3,10
0.03,-1.39,-4.74,5,0,4,10
0.03,-1.39,-4.75,5,0,3,10
0.03,-1.40,-4.70,5,0,3,10
0.11,-1.36,-4.73,5,0,3,10
0.09,-1.40,-4.61,5,0,3,10
0.11,-1.38,-4.77,5,0,3,10
0.03,-1.43,-4.77,5,0,3,10
0.06,-1.37,-4.52,5,1,3,10
0.06,-1.30,-4.63,5,1,4,10
-0.20,-1.37,-4.40,5,1,95,10
0.39,-1.56,-7.59,1,1,4,10
-0.16,-1.14,-2.79,1,1,9,10
-0.20,-1.19,-3.51,1,1,58,10
-0.03,-1.39,-4.72,1,1,84,10
0.09,-1.49,-5.31,1,1,106,10
0.06,-1.32,-4.60,1,1,106,10
0.01,-1.33,-4.34,1,1,107,10
-0.00,-1.36,-4.72,1,1,123,10
0.03,-1.41,-4.89,1,1,134,10
0.01,-1.41,-4.66,1,1,114,10
0.01,-1.36,-4.57,1,1,123,10
0.03,-1.39,-4.67,1,1,133,10
0.03,-1.38,-4.72,1,1,143,10
0.03,-1.38,-4.70,1,1,148,10
0.03,-1.39,-4.61,1,1,153,10
0.03,-1.38,-4.66,1,1,159,10
0.05,-1.37,-4.71,1,1,169,10
0.03,-1.39,-4.69,1,1,163,10
0.01,-1.38,-4.65,1,1,167,10
0.00,-1.37,-4.70,1,1,171,10
0.03,-1.40,-4.69,1,1,173,10
0.05,-1.38,-4.68,1,1,156,10
0.02,-1.38,-4.65,1,1,160,10
0.02,-1.38,-4.64,1,1,173,10
0.02,-1.38,-4.68,1,1,165,10
0.03,-1.39,-4.70,1,1,180,10
0.03,-1.35,-4.49,1,1,184,10
0.05,-1.40,-4.67,1,1,191,10
0.03,-1.41,-4.74,1,1,192,10
0.03,-1.39,-4.66,1,1,186,10
0.02,-1.38,-4.69,1,1,182,10
0.03,-1.39,-4.69,1,1,172,10
0.02,-1.39,-4.70,1,1,163,10
0.01,-1.43,-4.69,1,1,161,10
0.01,-1.37,-4.70,1,1,162,10
0.03,-1.40,-4.71,1,1,155,10
0.02,-1.40,-4.70,1,1,156,10
0.02,-1.40,-4.68,1,1,155,10
0.01,-1.40,-4.62,1,1,159,10
0.02,-1.39,-4.66,1,1,161,10
0.02,-1.39,-4.70,1,1,171,10
0.03,-1.40,-4.68,1,1,177,10
0.01,-1.40,-4.68,1,1,181,10
0.02,-1.40,-4.70,1,1,180,10
0.02,-1.40,-4.68,1,1,180,10
0.03,-1.39,-4.70,1,1,180,10
0.02,-1.40,-4.65,1,1,181,10
0.02,-1.38,-4.70,1,1,184,10
0.02,-1.39,-4.70,1,1,184,10
0.01,-1.40,-4.68,1,1,192,10
0.02,-1.39,-4.70,1,1,196,10
-0.00,-1.39,-4.70,1,1,201,10
0.02,-1.41,-4.64,1,1,202,10
0.04,-1.38,-4.65,1,1,202,10
0.02,-1.40,-4.69,1,1,202,10
0.01,-1.39,-4.66,1,1,200,10
0.02,-1.38,-4.69,1,1,199,10
0.03,-1.40,-4.69,1,1,199,10
0.02,-1.40,-4.68,1,1,203,10
0.02,-1.41,-4.69,1,1,207,10
0.01,-1.40,-4.69,1,1,210,10
0.03,-1.39,-4.65,1,1,212,10
0.03,-1.41,-4.66,1,1,214,10
0.00,-1.42,-4.60,1,1,216,10
0.01,-1.39,-4.65,1,1,214,10
0.03,-1.42,-4.67,1,1,215,10
0.01,-1.41,-4.65,1,1,217,10
0.02,-1.40,-4.71,1,1,219,10
0.01,-1.40,-4.58,1,1,221,10
0.05,-1.39,-4.65,1,1,224,10
0.03,-1.40,-4.69,1,1,224,10
0.04,-1.43,-4.70,1,1,226,10
0.05,-1.42,-4.69,1,1,227,10
0.03,-1.43,-4.69,1,1,226,10
0.05,-1.40,-4.72,1,1,226,10
0.07,-1.40,-4.70,1,1,227,10
0.07,-1.43,-4.66,1,1,228,10
0.08,-1.44,-4.67,1,1,231,10
0.04,-1.41,-4.65,1,1,233,10
0.06,-1.43,-4.64,1,1,234,10
0.06,-1.45,-4.68,1,1,234,10
0.06,-1.43,-4.72,1,1,235,10
0.07,-1.44,-4.68,1,1,235,10
0.06,-1.43,-4.65,1,1,235,10
0.06,-1.44,-4.71,1,1,237,10
0.08,-1.47,-4.61,1,1,236,10
0.11,-1.44,-4.70,1,1,232,10
0.07,-1.45,-4.68,1,1,217,10
0.09,-1.44,-4.70,1,1,198,10
0.04,-1.42,-4.74,1,1,201,10
0.11,-1.44,-4.71,1,1,202,10
0.13,-1.45,-4.70,1,1,210,10
0.12,-1.47,-4.64,1,1,213,10
0.13,-1.46,-4.70,1,1,211,10
0.16,-1.46,-4.70,1,1,210,10
0.14,-1.49,-4.67,1,1,207,10
-0.08,-1.50,-4.97,1,1,200,10
0.18,-1.46,-4.57,1,1,196,10
0.15,-1.49,-4.64,1,1,198,10
0.19,-1.47,-4.57,1,1,201,10
0.17,-1.50,-4.64,1,1,204,10
0.17,-1.50,-4.75,1,1,209,10
0.18,-1.51,-4.63,1,1,212,10
0.15,-1.47,-4.59,1,1,213,10
0.17,-1.48,-4.62,1,1,212,10
0.18,-1.49,-4.69,1,1,214,10
0.18,-1.51,-4.62,1,1,217,10
0.16,-1.48,-4.62,1,1,219,10
0.18,-1.51,-4.67,1,1,220,10
0.18,-1.50,-4.60,1,1,225,10
0.18,-1.49,-4.61,1,1,228,10
0.28,-1.58,-4.64,1,1,229,10
0.11,-1.53,-4.46,1,1,229,10
0.19,-1.51,-4.65,1,1,229,10
0.15,-1.54,-4.59,1,1,230,10
0.16,-1.53,-4.63,1,1,231,10
0.17,-1.51,-4.59,1,1,230,10
0.18,-1.51,-4.69,1,1,233,10
0.21,-1.51,-4.61,1,1,236,10
0.19,-1.51,-4.61,1,1,238,10
0.20,-1.52,-4.66,1,1,241,10
0.18,-1.53,-4.60,1,1,241,10
0.18,-1.51,-4.65,1,1,241,10
0.17,-1.51,-4.62,1,1,241,10
0.18,-1.53,-4.62,1,1,242,10
0.18,-1.51,-4.65,1,1,244,10
0.19,-1.52,-4.62,1,1,245,10
0.18,-1.50,-4.58,1,1,248,10
0.18,-1.53,-4.64,1,1,249,10
0.19,-1.52,-4.64,1,1,249,10
0.17,-1.51,-4.59,1,1,249,10
0.18,-1.53,-4.63,1,1,250,10
0.19,-1.50,-4.63,1,1,249,10
0.19,-1.50,-4.63,1,1,251,10
0.18,-1.55,-4.61,1,1,252,10
0.17,-1.52,-4.62,1,1,254,10
0.19,-1.52,-4.59,1,1,254,10
0.18,-1.53,-4.59,1,1,255,10
0.20,-1.52,-4.65,1,1,255,10
0.20,-1.53,-4.63,1,1,256,10
0.19,-1.52,-4.62,1,1,258,10
0.19,-1.52,-4.62,1,1,258,10
0.18,-1.50,-4.62,1,1,259,10
0.18,-1.50,-4.60,1,1,260,10
0.19,-1.53,-4.62,1,1,260,10
0.18,-1.54,-4.62,1,1,260,10
0.18,-1.53,-4.66,1,1,259,10
0.19,-1.51,-4.62,1,1,260,10
0.18,-1.52,-4.63,1,1,260,10
0.17,-1.53,-4.64,1,1,260,10
0.16,-1.51,-4.60,1,1,261,10
0.19,-1.51,-4.62,1,1,263,10
0.19,-1.54,-4.62,1,1,264,10
0.17,-1.51,-4.68,1,1,264,10
0.19,-1.53,-4.65,1,1,265,10
0.16,-1.55,-4.67,1,1,265,10
0.18,-1.52,-4.65,1,1,266,10
0.17,-1.52,-4.64,1,1,266,10
0.18,-1.50,-4.63,1,1,266,10
0.16,-1.51,-4.62,1,1,266,10
0.15,-1.50,-4.64,1,1,266,10
0.17,-1.48,-4.69,1,1,267,10
0.17,-1.52,-4.70,1,1,267,10
0.16,-1.50,-4.63,1,1,267,10
0.17,-1.49,-4.65,1,1,268,10
0.12,-1.50,-4.63,1,1,268,10
0.13,-1.48,-4.62,1,1,268,10
0.14,-1.48,-4.67,1,1,269,10
0.14,-1.49,-4.66,1,1,269,10
0.15,-1.47,-4.71,1,1,269,10
0.12,-1.47,-4.61,1,1,269,10
0.11,-1.46,-4.64,1,1,269,10
0.14,-1.46,-4.63,1,1,270,10
0.09,-1.47,-4.66,1,1,270,10
0.04,-1.47,-4.62,1,1,271,10
0.08,-1.44,-4.65,1,1,272,10
0.01,-1.42,-4.59,1,1,272,10
0.08,-1.43,-4.69,1,1,272,10
0.06,-1.42,-4.64,1,1,272,10
0.07,-1.44,-4.70,1,1,271,10
0.06,-1.41,-4.66,1,1,271,10
0.05,-1.41,-4.63,1,1,272,10
0.04,-1.43,-4.70,1,1,272,10
0.03,-1.43,-4.62,1,1,272,10
0.03,-1.42,-4.68,1,1,273,10
0.03,-1.36,-4.72,1,1,273,10
0.03,-1.41,-4.52,1,1,273,10
0.03,-1.42,-4.72,1,1,274,10
0.04,-1.41,-4.70,1,1,274,10
0.01,-1.40,-4.68,1,1,274,10
0.03,-1.40,-4.69,1,1,273,10
0.02,-1.39,-4.70,1,1,275,10
0.03,-1.38,-4.65,1,1,276,10
0.03,-1.39,-4.68,1,1,275,10
0.02,-1.40,-4.69,1,1,275,10
0.00,-1.40,-4.68,1,1,275,10
0.05,-1.39,-4.69,1,1,275,10
0.01,-1.41,-4.70,1,1,275,10
0.01,-1.40,-4.70,1,1,276,10
0.02,-1.39,-4.70,1,1,275,10
0.01,-1.39,-4.68,1,1,276,10
0.01,-1.41,-4.65,1,1,276,10
0.02,-1.39,-4.68,1,1,275,10
0.02,-1.41,-4.70,1,1,276,10
0.01,-1.39,-4.68,1,1,276,10
0.00,-1.40,-4.68,1,1,276,10
0.02,-1.40,-4.68,1,1,276,10
0.02,-1.40,-4.68,1,1,276,10
0.01,-1.42,-4.69,1,1,275,10
0.02,-1.38,-4.68,1,1,276,10
0.03,-1.38,-4.69,1,1,277,10
0.02,-1.39,-4.69,1,1,276,10
0.02,-1.40,-4.67,1,1,275,10
0.01,-1.40,-4.70,1,1,276,10
0.02,-1.40,-4.71,1,1,277,10
0.02,-1.41,-4.69,1,1,277,10
0.04,-1.40,-4.69,1,1,277,10
0.01,-1.40,-4.68,1,1,276,10
0.01,-1.40,-4.69,1,1,276,10
0.03,-1.40,-4.69,1,1,276,10
0.02,-1.37,-4.70,1,1,276,10
-0.24,-1.36,-4.56,1,1,277,10
-0.01,-1.39,-4.75,1,1,277,10
0.03,-1.37,-4.71,1,1,277,10
0.01,-1.39,-4.66,1,1,278,10
0.03,-1.38,-4.69,1,1,278,10
0.03,-1.39,-4.68,1,1,277,10
0.02,-1.38,-4.71,1,1,277,10
0.03,-1.37,-4.69,1,1,278,10
0.04,-1.37,-4.81,1,1,277,10
0.03,-1.38,-4.70,1,1,279,10
0.03,-1.38,-4.68,1,1,277,10
0.04,-1.39,-4.70,1,1,278,10
0.01,-1.38,-4.69,1,1,278,10
0.02,-1.37,-4.70,1,1,278,10
-0.01,-1.38,-4.72,1,1,277,10
0.01,-1.40,-4.66,1,1,277,10
0.01,-1.38,-4.65,1,1,276,10
0.01,-1.39,-4.70,1,1,277,10
0.02,-1.38,-4.68,1,1,277,10
0.02,-1.38,-4.69,1,1,276,10
0.02,-1.39,-4.70,1,1,276,10
0.00,-1.37,-4.69,1,1,276,10
-0.01,-1.36,-4.56,1,1,276,10
0.03,-1.38,-4.68,1,1,276,10
0.01,-1.38,-4.70,1,1,277,10
0.03,-1.38,-4.69,1,1,276,10
0.02,-1.40,-4.70,1,1,276,10
0.00,-1.37,-4.69,1,1,276,10
0.02,-1.39,-4.69,1,1,276,10
0.00,-1.39,-4.70,1,1,277,10
0.01,-1.39,-4.65,1,1,276,10
0.00,-1.38,-4.66,1,1,276,10
0.01,-1.36,-4.70,1,1,276,10
0.03,-1.38,-4.68,1,1,277,10
0.03,-1.36,-4.67,1,1,277,10
0.01,-1.37,-4.70,1,1,277,10
0.03,-1.37,-4.69,1,1,277,10
0.02,-1.40,-4.66,1,1,277,10
0.03,-1.36,-4.60,1,1,277,10
0.03,-1.37,-4.68,1,1,278,10
0.03,-1.38,-4.71,1,1,278,10
0.02,-1.38,-4.70,1,1,278,10
0.03,-1.38,-4.71,1,1,279,10
0.00,-1.39,-4.69,1,1,278,10
0.02,-1.39,-4.69,1,1,280,10
0.02,-1.37,-4.68,1,1,279,10
0.01,-1.37,-4.68,1,1,279,10
0.01,-1.37,-4.70,1,1,240,10
0.04,-1.41,-4.69,1,1,159,10
0.02,-1.40,-4.79,1,1,116,10
0.01,-1.41,-4.86,1,1,37,10
-0.04,-1.35,-4.67,1,1,4,10
-0.17,-1.42,-4.86,1,1,3,10
-0.00,-1.43,-4.68,1,0,3,10
-0.23,-1.53,-5.45,1,0,3,10
0.00,-1.45,-5.01,1,0,3,10
0.03,-1.41,-4.69,1,0,3,10
0.07,-1.42,-4.65,1,0,3,10
0.05,-1.41,-4.71,1,0,3,10
0.06,-1.45,-4.46,1,0,3,10
-0.00,-1.44,-4.68,1,0,3,10
0.05,-1.43,-4.61,1,0,3,10
0.00,-1.45,-4.61,1,0,3,10
0.08,-1.41,-4.70,1,0,4,10
0.04,-1.43,-4.67,1,0,3,10
0.03,-1.42,-4.64,1,0,3,10
0.04,-1.45,-4.61,1,0,3,10
0.05,-1.45,-4.72,1,0,3,10
0.02,-1.45,-4.59,1,0,3,10
0.05,-1.46,-4.62,1,0,3,10
0.07,-1.44,-4.70,1,0,3,10
0.06,-1.42,-4.64,1,0,3,10
0.06,-1.44,-4.70,1,0,4,10
0.12,-1.46,-4.49,1,0,3,10
0.08,-1.46,-4.66,1,0,3,10
0.08,-1.46,-4.67,1,0,3,10
0.02,-1.49,-4.53,1,0,3,10
0.08,-1.45,-4.70,1,0,3,10
0.05,-1.45,-4.64,1,0,3,10
0.09,-1.47,-4.68,1,0,3,10
0.06,-1.49,-4.52,1,0,3,10
0.08,-1.48,-4.68,1,0,3,10
0.06,-1.47,-4.65,1,0,4,10
0.06,-1.46,-4.61,1,0,3,10
0.02,-1.49,-4.56,1,0,3,10
0.06,-1.52,-4.49,1,0,3,10
0.10,-1.48,-4.69,1,0,3,10
0.09,-1.49,-4.47,1,0,3,10
0.14,-1.49,-4.64,1,0,3,10
0.29,-1.41,-4.61,1,0,3,10
0.14,-1.45,-4.82,1,1,4,10
0.06,-1.49,-4.69,1,1,3,10
0.79,-2.78,-7.66,1,1,33,10
-0.32,-0.62,-5.20,1,1,3,10
1.24,-1.36,-7.13,1,1,42,10
-0.40,-1.48,-3.51,1,1,59,10
0.11,-1.28,-4.40,1,1,76,10
0.05,-1.46,-4.90,1,1,81,10
0.02,-1.49,-4.75,1,1,90,10
0.01,-1.45,-4.56,1,1,99,10
0.05,-1.39,-4.59,1,1,95,10
0.01,-1.44,-4.64,1,1,85,10
0.04,-1.47,-4.68,1,1,89,10
0.03,-1.44,-4.60,1,1,93,10
0.03,-1.45,-4.58,1,1,100,10
0.03,-1.41,-4.69,1,1,111,10
0.01,-1.44,-4.67,1,1,102,10
0.03,-1.45,-4.70,1,1,100,10
0.02,-1.42,-4.68,1,1,110,10
0.03,-1.44,-4.70,1,1,121,10
0.02,-1.43,-4.68,1,1,125,10
0.04,-1.41,-4.62,1,1,124,10
0.03,-1.41,-4.67,1,1,120,10
0.01,-1.46,-4.68,1,1,114,10
0.04,-1.43,-4.64,1,1,115,10
0.01,-1.41,-4.66,1,1,118,10
0.03,-1.44,-4.64,1,1,129,10
0.00,-1.44,-4.64,1,1,122,10
0.01,-1.48,-4.63,1,1,132,10
0.01,-1.42,-4.66,1,1,139,10
0.03,-1.41,-4.69,1,1,142,10
0.02,-1.40,-4.63,1,1,135,10
0.03,-1.42,-4.64,1,1,126,10
0.03,-1.44,-4.65,1,1,118,10
0.03,-1.41,-4.67,1,1,116,10
0.02,-1.44,-4.65,1,1,110,10
0.02,-1.44,-4.61,1,1,109,10
0.03,-1.44,-4.68,1,1,112,10
0.04,-1.44,-4.64,1,1,114,10
0.04,-1.42,-4.68,1,1,117,10
0.04,-1.47,-4.70,1,1,121,10
0.03,-1.43,-4.68,1,1,121,10
0.05,-1.43,-4.70,1,1,123,10
0.05,-1.45,-4.65,1,1,131,10
0.03,-1.44,-4.60,1,1,136,10
0.02,-1.42,-4.67,1,1,138,10
