-0.26,-1.06,-4.75,7,0,4,5
-0.26,-1.02,-4.78,7,0,4,5
-0.27,-1.05,-4.79,7,0,4,5
-0.28,-1.04,-4.77,7,0,3,5
-0.27,-1.07,-4.78,7,0,3,5
-0.27,-1.06,-4.79,7,0,3,5
-0.26,-1.05,-4.79,7,0,3,5
-0.28,-1.02,-4.75,7,0,3,5
-0.28,-1.05,-4.78,7,0,3,5
-0.27,-1.06,-4.76,7,0,3,5
-0.28,-1.04,-4.77,7,0,3,5
-0.25,-1.05,-4.82,7,0,3,5
-0.28,-1.04,-4.76,7,0,4,5
-0.29,-1.04,-4.75,7,0,3,5
-0.27,-1.04,-4.84,7,0,4,5
-0.27,-1.03,-4.79,7,0,3,5
-0.28,-1.04,-4.79,7,0,3,5
-0.27,-1.04,-4.80,7,0,3,5
-0.26,-1.05,-4.78,7,0,3,5
-0.27,-1.03,-4.80,7,0,3,5
-0.26,-1.04,-4.78,7,0,3,5
-0.28,-1.04,-4.75,7,0,4,5
-0.27,-1.04,-4.79,7,0,3,5
-0.27,-1.03,-4.81,7,0,4,5
-0.27,-1.03,-4.75,7,0,4,5
-0.27,-1.04,-4.81,7,0,3,5
-0.27,-1.04,-4.77,7,0,3,5
-0.26,-1.03,-4.77,7,0,3,5
-0.28,-1.04,-4.79,7,0,3,5
-0.25,-1.06,-4.82,7,0,3,5
-0.22,-1.00,-4.93,7,0,3,5
-0.28,-1.04,-4.72,7,0,3,5
-0.26,-1.06,-4.84,7,0,3,5
-0.38,-1.03,-4.79,7,0,3,5
-0.24,-1.06,-4.72,7,0,3,5
-0.25,-1.06,-4.76,7,0,3,5
-0.25,-1.07,-4.78,7,0,3,5
-0.09,-1.06,-4.94,7,0,3,5
-0.32,-1.07,-4.63,7,0,3,5
-0.20,-1.08,-5.06,7,0,3,5
-0.32,-1.07,-4.76,7,0,3,5
-0.23,-1.10,-4.77,7,0,3,5
-0.17,-1.12,-4.73,7,0,3,5
-0.21,-1.11,-4.76,7,0,3,5
-0.18,-1.12,-4.85,7,0,3,5
-0.18,-1.15,-4.63,7,0,3,5
-0.19,-1.11,-4.75,7,0,3,5
-0.18,-1.11,-4.81,7,0,3,5
-0.24,-1.09,-4.75,7,0,3,5
-0.23,-1.08,-4.75,7,0,3,5
-0.24,-1.08,-4.73,7,0,3,5
-0.24,-1.08,-4.80,7,0,3,5
-0.21,-1.10,-4.77,7,0,4,5
-0.26,-1.09,-4.76,7,0,4,5
-0.24,-1.10,-4.81,7,0,4,5
-0.23,-1.09,-4.75,7,0,4,5
-0.23,-1.09,-4.73,7,0,4,5
-0.23,-1.08,-4.82,7,0,4,5
-0.23,-1.08,-4.75,7,0,4,5
-0.23,-1.10,-4.77,7,0,4,5
-0.24,-1.09,-4.81,7,0,3,5
-0.22,-1.09,-4.78,7,0,4,5
-0.24,-1.09,-4.79,7,0,3,5
-0.25,-1.09,-4.76,7,0,3,5
-0.22,-1.09,-4.75,7,0,3,5
-0.25,-1.11,-4.80,7,0,3,5
-0.23,-1.11,-4.79,7,0,3,5
-0.24,-1.09,-4.77,7,0,3,5
-0.24,-1.09,-4.77,7,0,4,5
-0.23,-1.09,-4.80,7,0,3,5
-0.24,-1.11,-4.76,7,0,4,5
-0.24,-1.12,-4.75,7,0,4,5
-0.24,-1.12,-4.75,7,0,4,5
-0.20,-1.14,-4.77,7,0,3,5
-0.14,-1.17,-4.73,7,0,4,5
-0.20,-1.16,-4.76,7,0,3,5
-0.19,-1.15,-4.73,7,0,3,5
-0.27,-1.14,-4.72,7,0,3,5
-0.28,-1.12,-3.96,7,0,7,5
-0.10,-1.08,-4.66,7,0,5,5
0.16,-1.16,-4.96,7,1,5,5
-0.30,-1.08,-4.59,7,1,16,5
-0.25,-1.11,-4.88,7,1,25,5
-0.22,-1.10,-4.77,7,1,30,5
-0.23,-1.11,-4.72,7,1,35,5
-0.23,-1.09,-4.73,7,1,39,5
-0.21,-1.12,-4.75,7,1,42,5
-0.21,-1.11,-4.67,7,1,44,5
-0.23,-1.13,-4.87,7,1,44,5
-0.17,-1.17,-4.71,7,1,39,5
-0.15,-1.18,-4.94,7,1,35,5
-0.10,-1.15,-4.67,7,1,31,5
-0.10,-1.21,-5.16,7,1,32,5
-0.14,-1.18,-4.90,7,1,27,5
-0.20,-1.16,-4.72,7,1,35,5
-0.17,-1.16,-4.79,7,1,37,5
-0.21,-1.15,-4.72,7,1,40,5
-0.18,-1.16,-4.74,7,1,39,5
-0.17,-1.18,-4.73,7,1,38,5
-0.21,-1.16,-4.73,7,1,41,5
-0.20,-1.17,-4.70,7,1,42,5
-0.20,-1.16,-4.70,7,1,46,5
-0.21,-1.14,-4.92,7,1,46,5
-0.15,-1.12,-4.93,7,1,43,5
-0.18,-1.13,-4.77,7,1,45,5
-0.23,-1.12,-4.71,7,1,48,5
-0.22,-1.12,-4.77,7,1,51,5
-0.22,-1.13,-4.74,7,1,52,5
-0.22,-1.11,-4.76,7,1,53,5
-0.21,-1.11,-4.75,7,1,56,5
-0.22,-1.11,-4.73,7,1,58,5
-0.20,-1.10,-4.75,7,1,59,5
-0.22,-1.12,-4.76,7,1,59,5
-0.21,-1.10,-4.75,7,1,60,5
-0.21,-1.10,-4.73,7,1,60,5
-0.20,-1.11,-4.79,7,1,62,5
-0.23,-1.12,-4.74,7,1,63,5
-0.22,-1.11,-4.74,7,1,65,5
-0.21,-1.09,-4.79,7,1,67,5
-0.21,-1.10,-4.75,7,1,67,5
-0.21,-1.10,-4.78,7,1,68,5
-0.22,-1.11,-4.75,7,1,68,5
-0.21,-1.10,-4.75,7,1,68,5
-0.20,-1.10,-4.75,7,1,69,5
-0.21,-1.12,-4.77,7,1,71,5
-0.22,-1.12,-4.75,7,1,71,5
-0.23,-1.09,-4.76,7,1,72,5
-0.22,-1.11,-4.80,7,1,72,5
-0.24,-1.12,-4.75,7,1,75,5
-0.20,-1.10,-4.77,7,1,74,5
-0.21,-1.08,-4.76,7,1,76,5
-0.21,-1.12,-4.77,7,1,78,5
-0.20,-1.12,-4.74,7,1,79,5
-0.20,-1.11,-4.76,7,1,79,5
-0.22,-1.10,-4.75,7,1,78,5
-0.21,-1.09,-4.75,7,1,77,5
-0.22,-1.11,-4.75,7,1,78,5
-0.20,-1.13,-4.79,7,1,79,5
-0.21,-1.11,-4.77,7,1,80,5
-0.22,-1.13,-4.73,7,1,81,5
-0.20,-1.11,-4.74,7,1,81,5
-0.18,-1.12,-4.75,7,1,80,5
-0.22,-1.12,-4.75,7,1,81,5
-0.20,-1.12,-4.75,7,1,83,5
-0.21,-1.13,-4.77,7,1,83,5
-0.22,-1.12,-4.76,7,1,84,5
-0.21,-1.13,-4.72,7,1,84,5
-0.22,-1.13,-4.75,7,1,85,5
-0.22,-1.12,-4.76,7,1,84,5
-0.20,-1.13,-4.74,7,1,83,5
-0.20,-1.14,-4.75,7,1,85,5
-0.22,-1.13,-4.74,7,1,86,5
-0.20,-1.14,-4.75,7,1,86,5
-0.20,-1.13,-4.76,7,1,87,5
-0.20,-1.14,-4.74,7,1,87,5
-0.23,-1.13,-4.74,7,1,87,5
-0.20,-1.13,-4.76,7,1,89,5
-0.20,-1.13,-4.75,7,1,89,5
-0.19,-1.12,-4.74,7,1,89,5
-0.22,-1.13,-4.77,7,1,89,5
-0.20,-1.14,-4.74,7,1,88,5
-0.20,-1.13,-4.76,7,1,88,5
-0.20,-1.13,-4.76,7,1,89,5
-0.22,-1.13,-4.74,7,1,89,5
-0.19,-1.11,-4.75,7,1,90,5
-0.20,-1.13,-4.76,7,1,91,5
-0.21,-1.13,-4.75,7,1,91,5
-0.20,-1.13,-4.74,7,1,92,5
-0.22,-1.13,-4.75,7,1,91,5
-0.21,-1.14,-4.75,7,1,92,5
-0.21,-1.12,-4.75,7,1,92,5
-0.20,-1.11,-4.74,7,1,92,5
-0.19,-1.12,-4.75,7,1,91,5
-0.20,-1.14,-4.76,7,1,92,5
-0.21,-1.14,-4.75,7,1,92,5
-0.20,-1.13,-4.75,7,1,92,5
-0.18,-1.14,-4.76,7,1,93,5
-0.21,-1.10,-4.74,7,1,92,5
-0.20,-1.15,-4.76,7,1,92,5
-0.20,-1.14,-4.75,7,1,93,5
-0.22,-1.13,-4.75,7,1,94,5
-0.17,-1.13,-4.76,7,1,93,5
-0.22,-1.15,-4.70,7,1,94,5
-0.19,-1.15,-4.72,7,1,94,5
-0.20,-1.15,-4.75,7,1,94,5
-0.20,-1.14,-4.72,7,1,93,5
-0.20,-1.14,-4.77,7,1,94,5
-0.20,-1.15,-4.72,7,1,94,5
-0.17,-1.14,-4.74,7,1,94,5
-0.21,-1.13,-4.75,7,1,94,5
-0.20,-1.15,-4.73,7,1,95,5
-0.20,-1.15,-4.75,7,1,95,5
-0.20,-1.14,-4.75,7,1,95,5
-0.19,-1.15,-4.75,7,1,94,5
-0.19,-1.16,-4.75,7,1,95,5
-0.19,-1.15,-4.75,7,1,95,5
-0.20,-1.15,-4.73,7,1,95,5
-0.18,-1.17,-4.74,7,1,95,5
-0.20,-1.16,-4.74,7,1,94,5
-0.20,-1.16,-4.76,7,1,95,5
-0.17,-1.14,-4.75,7,1,95,5
-0.21,-1.18,-4.75,7,1,96,5
-0.21,-1.16,-4.75,7,1,95,5
-0.19,-1.15,-4.75,7,1,96,5
-0.19,-1.13,-4.77,7,1,96,5
-0.20,-1.14,-4.76,7,1,95,5
-0.20,-1.15,-4.75,7,1,96,5
-0.21,-1.15,-4.75,7,1,95,5
-0.29,-1.09,-4.84,7,1,95,5
-0.22,-1.13,-4.73,7,1,96,5
-0.21,-1.13,-4.75,7,1,96,5
-0.21,-1.14,-4.77,7,1,96,5
-0.22,-1.14,-4.73,7,1,95,5
-0.22,-1.12,-4.75,7,1,96,5
-0.20,-1.14,-4.78,7,1,96,5
-0.23,-1.13,-4.74,7,1,96,5
-0.22,-1.11,-4.74,7,1,96,5
-0.20,-1.14,-4.76,7,1,96,5
-0.21,-1.12,-4.75,7,1,96,5
-0.22,-1.12,-4.73,7,1,97,5
-0.21,-1.13,-4.76,7,1,96,5
-0.22,-1.13,-4.74,7,1,96,5
-0.22,-1.13,-4.77,7,1,97,5
-0.22,-1.13,-4.75,7,1,97,5
-0.22,-1.13,-4.77,7,1,96,5
-0.22,-1.13,-4.75,7,1,97,5
-0.23,-1.11,-4.75,7,1,96,5
-0.22,-1.12,-4.75,7,1,97,5
-0.21,-1.14,-4.75,7,1,97,5
-0.22,-1.13,-4.75,7,1,97,5
-0.20,-1.12,-4.75,7,1,97,5
-0.21,-1.12,-4.77,7,1,98,5
-0.21,-1.11,-4.75,7,1,98,5
-0.22,-1.13,-4.75,7,1,97,5
-0.20,-1.12,-4.78,7,1,97,5
-0.20,-1.13,-4.75,7,1,97,5
-0.21,-1.14,-4.75,7,1,97,5
-0.23,-1.12,-4.75,7,1,97,5
-0.22,-1.12,-4.76,7,1,97,5
-0.20,-1.13,-4.75,7,1,98,5
-0.21,-1.13,-4.76,7,1,98,5
-0.20,-1.13,-4.75,7,1,98,5
-0.21,-1.14,-4.76,7,1,98,5
-0.21,-1.14,-4.75,7,1,98,5
-0.20,-1.13,-4.75,7,1,98,5
-0.21,-1.13,-4.75,7,1,98,5
-0.20,-1.13,-4.76,7,1,99,5
-0.19,-1.14,-4.75,7,1,99,5
-0.19,-1.14,-4.74,7,1,99,5
-0.19,-1.14,-4.76,7,1,98,5
-0.20,-1.13,-4.75,7,1,98,5
-0.21,-1.15,-4.76,7,1,98,5
-0.21,-1.14,-4.74,7,1,98,5
-0.21,-1.15,-4.75,7,1,99,5
-0.22,-1.14,-4.75,7,1,98,5
-0.20,-1.12,-4.74,7,1,98,5
-0.20,-1.13,-4.75,7,1,98,5
-0.20,-1.13,-4.76,7,1,98,5
-0.22,-1.14,-4.76,7,1,98,5
-0.21,-1.15,-4.75,7,1,98,5
-0.23,-1.16,-4.75,7,1,99,5
-0.21,-1.12,-4.75,7,1,98,5
-0.19,-1.14,-4.80,7,1,98,5
-0.24,-1.15,-4.72,7,1,77,5
-0.21,-1.13,-4.63,7,0,12,5
-0.01,-1.17,-5.01,7,0,4,5
-0.26,-1.10,-4.81,7,0,4,5
-0.21,-1.12,-5.02,7,0,4,5
-0.22,-1.10,-4.93,7,0,4,5
-0.26,-1.11,-4.67,7,0,3,5
-0.21,-1.09,-4.72,7,0,3,5
-0.12,-1.10,-5.01,7,0,4,5
-0.29,-1.07,-4.77,7,0,3,5
-0.23,-1.36,-4.27,7,0,3,5
-0.07,-1.13,-4.80,7,0,3,5
-0.12,-1.12,-4.87,7,0,3,5
-0.17,-1.12,-4.70,7,0,3,5
-0.15,-1.15,-4.86,7,0,3,5
-0.18,-1.12,-4.72,7,0,3,5
-0.12,-1.15,-4.67,7,0,3,5
-0.18,-1.12,-4.74,7,0,3,5
-0.16,-1.13,-4.86,7,0,3,5
-0.19,-1.12,-4.75,7,0,4,5
-0.18,-1.13,-4.74,7,0,3,5
-0.17,-1.12,-4.74,7,0,3,5
-0.19,-1.11,-4.74,7,0,4,5
-0.18,-1.14,-4.74,7,0,3,5
-0.15,-1.13,-4.80,7,0,3,5
-0.17,-1.13,-4.73,7,0,3,5
-0.17,-1.13,-4.74,7,0,4,5
-0.12,-1.16,-4.77,7,0,4,5
-0.18,-1.15,-4.65,7,0,3,5
-0.15,-1.16,-4.79,7,0,3,5
-0.18,-1.15,-4.80,7,0,4,5
-0.17,-1.17,-4.72,7,0,3,5
-0.14,-1.17,-4.75,7,0,3,5
-0.12,-1.15,-4.75,7,0,4,5
-0.21,-1.18,-4.77,7,0,3,5
-0.13,-1.22,-4.73,7,0,3,5
-0.16,-1.18,-4.72,7,0,4,5
-0.14,-1.22,-4.82,7,0,3,5
-0.13,-1.17,-4.73,7,0,3,5
-0.14,-1.19,-4.71,7,0,3,5
-0.15,-1.19,-4.73,7,0,3,5
-0.14,-1.20,-4.74,7,0,4,5
-0.14,-1.18,-4.77,7,0,3,5
-0.15,-1.18,-4.73,7,0,3,5
-0.15,-1.18,-4.73,7,0,3,5
-0.14,-1.17,-4.72,7,0,3,5
-0.16,-1.16,-4.74,7,0,3,5
-0.15,-1.20,-4.76,7,0,3,5
-0.14,-1.18,-4.75,7,0,4,5
-0.17,-1.14,-4.72,7,0,3,5
-0.15,-1.17,-4.73,7,0,4,5
-0.15,-1.19,-4.78,7,0,3,5
-0.15,-1.20,-4.74,7,0,3,5
-0.16,-1.18,-4.75,7,0,3,5
-0.15,-1.18,-4.74,7,0,3,5
-0.14,-1.19,-4.75,7,0,3,5
-0.15,-1.19,-4.75,7,0,3,5
-0.14,-1.19,-4.73,7,0,3,5
-0.16,-1.20,-4.75,7,0,4,5
-0.15,-1.19,-4.73,7,0,3,5
-0.16,-1.16,-4.73,7,0,3,5
-0.14,-1.20,-4.75,7,0,3,5
-0.14,-1.18,-4.75,7,0,3,5
-0.14,-1.16,-4.75,7,0,3,5
-0.16,-1.18,-4.76,7,0,3,5
-0.15,-1.18,-4.72,7,0,3,5
-0.15,-1.16,-4.73,7,0,3,5
-0.15,-1.17,-4.75,7,0,3,5
-0.13,-1.18,-4.76,7,0,3,5
-0.13,-1.17,-4.73,7,0,3,5
-0.12,-1.16,-4.70,7,0,3,5
-0.16,-1.20,-4.74,7,0,3,5
-0.14,-1.19,-4.76,7,0,3,5
-0.16,-1.18,-4.63,7,0,3,5
-0.13,-1.19,-4.71,7,0,3,5
-0.15,-1.20,-4.70,7,0,3,5
-0.12,-1.20,-4.75,7,0,3,5
-0.15,-1.19,-4.76,7,0,3,5
-0.12,-1.20,-4.77,7,0,3,5
-0.10,-1.21,-4.72,7,0,3,5
-0.19,-1.21,-4.68,7,0,3,5
-0.13,-1.23,-4.78,7,0,4,5
-0.18,-1.20,-4.48,7,0,3,5
-0.04,-1.25,-5.00,7,1,3,5
-0.26,-1.24,-4.78,7,1,4,5
-0.03,-2.15,-7.10,1,1,4,5
-0.14,-0.73,-4.42,1,1,17,5
0.05,-1.27,-4.83,1,1,21,5
-0.19,-1.08,-4.74,1,1,28,5
-0.21,-1.18,-4.68,1,1,31,5
-0.22,-1.18,-4.86,1,1,29,5
-0.34,-1.10,-4.53,1,1,31,5
-0.22,-1.12,-4.78,1,1,36,5
-0.25,-1.12,-4.75,1,1,38,5
-0.21,-1.12,-4.73,1,1,41,5
-0.19,-1.12,-4.75,1,1,39,5
-0.23,-1.12,-4.76,1,1,39,5
-0.19,-1.13,-4.74,1,1,39,5
-0.19,-1.13,-4.77,1,1,40,5
-0.21,-1.14,-4.74,1,1,39,5
-0.19,-1.14,-4.77,1,1,38,5
-0.20,-1.12,-4.73,1,1,47,5
-0.19,-1.13,-4.76,1,1,50,5
-0.13,-1.15,-4.78,1,1,53,5
-0.21,-1.16,-4.74,1,1,52,5
-0.19,-1.16,-4.75,1,1,49,5
-0.19,-1.14,-4.76,1,1,42,5
-0.19,-1.17,-4.73,1,1,33,5
-0.22,-1.16,-4.76,1,1,36,5
-0.19,-1.14,-4.76,1,1,44,5
-0.22,-1.16,-4.75,1,1,44,5
-0.19,-1.15,-4.74,1,1,46,5
-0.19,-1.16,-4.73,1,1,52,5
-0.20,-1.17,-4.75,1,1,48,5
-0.18,-1.16,-4.75,1,1,48,5
-0.21,-1.15,-4.74,1,1,46,5
-0.17,-1.14,-4.72,1,1,46,5
-0.19,-1.16,-4.77,1,1,46,5
-0.16,-1.25,-4.73,1,1,52,5
-0.24,-1.35,-4.64,1,1,54,5
-0.16,-1.21,-4.80,1,1,51,5
-0.12,-1.19,-4.62,1,1,54,5
-0.16,-1.21,-4.72,1,1,59,5
-0.13,-1.19,-4.75,1,1,54,5
-0.13,-1.20,-4.74,1,1,60,5
-0.15,-1.20,-4.71,1,1,62,5
-0.15,-1.26,-4.83,1,1,64,5
0.02,-1.21,-4.61,1,1,68,5
-0.07,-1.27,-4.56,1,1,70,5
-0.13,-1.23,-4.71,1,1,68,5
-0.12,-1.22,-4.74,1,1,70,5
-0.11,-1.22,-4.73,1,1,73,5
-0.11,-1.21,-4.74,1,1,73,5
-0.13,-1.24,-4.71,1,1,78,5
-0.11,-1.25,-4.76,1,1,81,5
-0.12,-1.25,-4.70,1,1,84,5
-0.12,-1.25,-4.73,1,1,88,5
-0.12,-1.23,-4.74,1,1,89,5
-0.11,-1.23,-4.75,1,1,90,5
-0.10,-1.24,-4.72,1,1,94,5
-0.12,-1.22,-4.72,1,1,94,5
-0.12,-1.24,-4.73,1,1,97,5
-0.12,-1.23,-4.72,1,1,99,5
-0.11,-1.24,-4.71,1,1,99,5
-0.09,-1.25,-4.72,1,1,104,5
-0.14,-1.23,-4.75,1,1,103,5
-0.14,-1.25,-4.72,1,1,106,5
-0.11,-1.23,-4.72,1,1,107,5
-0.10,-1.23,-4.75,1,1,106,5
-0.11,-1.24,-4.72,1,1,110,5
-0.12,-1.25,-4.72,1,1,111,5
-0.12,-1.26,-4.73,1,1,113,5
-0.12,-1.25,-4.72,1,1,115,5
-0.10,-1.24,-4.75,1,1,114,5
-0.12,-1.24,-4.72,1,1,115,5
-0.09,-1.24,-4.71,1,1,116,5
-0.13,-1.26,-4.72,1,1,118,5
-0.12,-1.26,-4.71,1,1,119,5
-0.11,-1.24,-4.70,1,1,118,5
-0.11,-1.25,-4.74,1,1,119,5
-0.12,-1.23,-4.72,1,1,120,5
-0.12,-1.24,-4.71,1,1,122,5
-0.12,-1.24,-4.73,1,1,124,5
-0.10,-1.24,-4.74,1,1,123,5
-0.12,-1.23,-4.73,1,1,123,5
-0.12,-1.23,-4.71,1,1,125,5
-0.08,-1.26,-4.73,1,1,125,5
-0.12,-1.23,-4.75,1,1,125,5
-0.11,-1.26,-4.72,1,1,125,5
-0.11,-1.25,-4.73,1,1,125,5
-0.10,-1.24,-4.72,1,1,127,5
-0.11,-1.23,-4.73,1,1,126,5
-0.08,-1.28,-4.72,1,1,127,5
-0.10,-1.23,-4.71,1,1,130,5
-0.10,-1.23,-4.74,1,1,130,5
-0.10,-1.25,-4.69,1,1,131,5
-0.12,-1.26,-4.73,1,1,131,5
-0.11,-1.25,-4.73,1,1,131,5
-0.09,-1.24,-4.73,1,1,131,5
-0.11,-1.24,-4.72,1,1,131,5
-0.11,-1.26,-4.72,1,1,132,5
-0.10,-1.26,-4.71,1,1,132,5
-0.11,-1.25,-4.74,1,1,133,5
-0.08,-1.26,-4.71,1,1,133,5
-0.10,-1.28,-4.73,1,1,132,5
-0.09,-1.26,-4.74,1,1,132,5
-0.11,-1.25,-4.73,1,1,133,5
-0.11,-1.26,-4.72,1,1,133,5
-0.12,-1.25,-4.73,1,1,133,5
-0.11,-1.26,-4.73,1,1,133,5
-0.10,-1.26,-4.71,1,1,134,5
-0.11,-1.23,-4.70,1,1,134,5
-0.12,-1.26,-4.73,1,1,134,5
-0.10,-1.24,-4.72,1,1,134,5
-0.13,-1.26,-4.71,1,1,134,5
-0.12,-1.24,-4.72,1,1,135,5
-0.12,-1.26,-4.73,1,1,135,5
-0.11,-1.24,-4.73,1,1,136,5
-0.12,-1.25,-4.71,1,1,136,5
-0.12,-1.23,-4.71,1,1,135,5
-0.13,-1.23,-4.73,1,1,136,5
-0.11,-1.24,-4.70,1,1,136,5
-0.12,-1.25,-4.75,1,1,136,5
-0.13,-1.23,-4.70,1,1,136,5
-0.13,-1.25,-4.70,1,1,137,5
-0.12,-1.24,-4.74,1,1,136,5
-0.12,-1.24,-4.72,1,1,136,5
-0.13,-1.23,-4.71,1,1,136,5
-0.14,-1.25,-4.73,1,1,137,5
-0.12,-1.23,-4.72,1,1,137,5
-0.12,-1.25,-4.72,1,1,137,5
-0.13,-1.23,-4.75,1,1,137,5
-0.10,-1.24,-4.73,1,1,137,5
-0.10,-1.23,-4.73,1,1,137,5
-0.13,-1.24,-4.73,1,1,137,5
-0.15,-1.24,-4.76,1,1,137,5
-0.11,-1.24,-4.71,1,1,137,5
-0.13,-1.25,-4.71,1,1,137,5
-0.11,-1.24,-4.72,1,1,137,5
-0.10,-1.27,-4.72,1,1,137,5
-0.11,-1.25,-4.70,1,1,137,5
-0.09,-1.26,-4.73,1,1,137,5
-0.09,-1.25,-4.70,1,1,137,5
-0.10,-1.26,-4.73,1,1,137,5
-0.10,-1.27,-4.73,1,1,137,5
-0.10,-1.28,-4.72,1,1,137,5
-0.12,-1.26,-4.71,1,1,138,5
-0.12,-1.27,-4.71,1,1,138,5
-0.09,-1.28,-4.73,1,1,138,5
-0.11,-1.28,-4.71,1,1,138,5
-0.11,-1.28,-4.71,1,1,138,5
-0.11,-1.27,-4.70,1,1,138,5
-0.11,-1.28,-4.73,1,1,137,5
-0.09,-1.26,-4.72,1,1,138,5
-0.10,-1.26,-4.71,1,1,138,5
-0.09,-1.27,-4.70,1,1,138,5
-0.11,-1.27,-4.71,1,1,139,5
-0.11,-1.27,-4.71,1,1,138,5
-0.10,-1.26,-4.74,1,1,139,5
-0.11,-1.27,-4.73,1,1,138,5
-0.11,-1.25,-4.72,1,1,139,5
-0.11,-1.25,-4.73,1,1,139,5
-0.10,-1.25,-4.70,1,1,138,5
-0.11,-1.26,-4.72,1,1,139,5
-0.12,-1.23,-4.70,1,1,139,5
-0.11,-1.26,-4.72,1,1,139,5
-0.12,-1.26,-4.73,1,1,139,5
-0.12,-1.25,-4.72,1,1,139,5
-0.12,-1.24,-4.73,1,1,139,5
-0.12,-1.25,-4.74,1,1,138,5
-0.10,-1.24,-4.71,1,1,139,5
-0.13,-1.25,-4.75,1,1,139,5
-0.10,-1.23,-4.75,1,1,139,5
-0.11,-1.25,-4.72,1,1,140,5
-0.12,-1.25,-4.73,1,1,139,5
-0.13,-1.24,-4.77,1,1,140,5
-0.11,-1.25,-4.68,1,1,140,5
-0.12,-1.24,-4.73,1,1,139,5
-0.10,-1.25,-4.73,1,1,140,5
-0.12,-1.25,-4.74,1,1,139,5
-0.12,-1.24,-4.74,1,1,140,5
-0.12,-1.24,-4.75,1,1,140,5
-0.12,-1.25,-4.75,1,1,140,5
-0.12,-1.24,-4.73,1,1,140,5
-0.12,-1.25,-4.75,1,1,140,5
-0.12,-1.23,-4.72,1,1,140,5
-0.05,-1.26,-4.71,1,1,141,5
-0.12,-1.24,-4.73,1,1,140,5
-0.13,-1.23,-4.74,1,1,141,5
-0.12,-1.25,-4.71,1,1,140,5
-0.10,-1.25,-4.71,1,1,141,5
-0.11,-1.25,-4.73,1,1,140,5
-0.08,-1.25,-4.73,1,1,140,5
-0.10,-1.26,-4.69,1,1,140,5
-0.11,-1.26,-4.73,1,1,140,5
-0.10,-1.27,-4.70,1,1,140,5
-0.11,-1.25,-4.72,1,1,141,5
-0.10,-1.25,-4.71,1,1,141,5
-0.09,-1.28,-4.72,1,1,141,5
-0.10,-1.26,-4.72,1,1,141,5
-0.09,-1.26,-4.71,1,1,141,5
-0.10,-1.27,-4.72,1,1,141,5
-0.08,-1.28,-4.70,1,1,141,5
-0.13,-1.25,-4.71,1,1,141,5
-0.10,-1.24,-4.71,1,1,141,5
-0.12,-1.26,-4.72,1,1,141,5
-0.12,-1.24,-4.74,1,1,141,5
-0.11,-1.26,-4.73,1,1,141,5
-0.11,-1.26,-4.72,1,1,141,5
-0.10,-1.25,-4.70,1,1,141,5
-0.11,-1.24,-4.75,1,1,141,5
-0.12,-1.26,-4.72,1,1,142,5
-0.11,-1.25,-4.74,1,1,142,5
-0.10,-1.25,-4.72,1,1,141,5
-0.13,-1.24,-4.73,1,1,142,5
-0.12,-1.25,-4.74,1,1,141,5
-0.11,-1.25,-4.74,1,1,141,5
-0.13,-1.24,-4.73,1,1,142,5
-0.12,-1.25,-4.75,1,1,142,5
-0.12,-1.23,-4.73,1,1,142,5
-0.11,-1.25,-4.72,1,1,143,5
-0.11,-1.25,-4.71,1,1,142,5
-0.12,-1.24,-4.73,1,1,143,5
-0.09,-1.25,-4.69,1,1,141,5
-0.12,-1.26,-4.72,1,1,143,5
0.14,-0.95,-4.17,1,1,27,5
-0.51,-1.61,-4.77,1,0,4,5
0.25,-1.34,-5.30,1,0,3,5
-0.18,-1.24,-4.53,1,0,3,5
-0.13,-1.22,-4.79,1,0,4,5
0.13,-1.27,-4.91,1,0,4,5
0.06,-1.21,-5.26,1,0,4,5
-0.08,-1.21,-4.64,1,0,4,5
-0.05,-1.17,-4.68,1,0,4,5
-0.11,-1.17,-4.64,1,0,3,5
-0.05,-1.19,-4.65,1,0,3,5
-0.06,-1.21,-4.83,1,0,3,5
-0.11,-1.19,-4.76,1,0,4,5
-0.05,-1.23,-4.77,1,0,4,5
-0.09,-1.20,-4.71,1,0,4,5
-0.07,-1.21,-4.73,1,0,3,5
-0.06,-1.18,-4.77,1,0,3,5
-0.07,-1.21,-4.74,1,0,4,5
-0.09,-1.21,-4.78,1,0,3,5
-0.09,-1.22,-4.70,1,0,3,5
-0.07,-1.21,-4.71,1,0,3,5
-0.05,-1.22,-4.74,1,0,4,5
-0.08,-1.23,-4.73,1,0,3,5
-0.06,-1.20,-4.75,1,0,3,5
-0.10,-1.21,-4.72,1,0,3,5
-0.08,-1.22,-4.72,1,0,3,5
-0.06,-1.20,-4.72,1,0,3,5
-0.07,-1.21,-4.73,1,0,4,5
-0.07,-1.22,-4.70,1,0,4,5
-0.08,-1.20,-4.79,1,0,3,5
-0.10,-1.21,-4.72,1,0,3,5
-0.08,-1.22,-4.73,1,0,3,5
-0.09,-1.20,-4.79,1,0,3,5
-0.06,-1.21,-4.74,1,0,4,5
-0.07,-1.20,-4.74,1,0,3,5
-0.11,-1.21,-4.72,1,0,3,5
-0.05,-1.22,-4.76,1,0,4,5
-0.07,-1.21,-4.74,1,0,4,5
-0.08,-1.22,-4.72,1,0,3,5
-0.08,-1.21,-4.73,1,0,3,5
-0.04,-1.21,-4.75,1,0,3,5
-0.08,-1.22,-4.74,1,0,4,5
-0.07,-1.21,-4.76,1,0,3,5
-0.09,-1.19,-4.72,1,0,3,5
-0.06,-1.21,-4.69,1,0,3,5
-0.07,-1.21,-4.72,1,0,3,5
-0.05,-1.21,-4.75,1,0,3,5
-0.07,-1.21,-4.71,1,0,3,5
-0.08,-1.21,-4.73,1,0,3,5
-0.08,-1.22,-4.72,1,0,3,5
-0.07,-1.20,-4.72,1,0,3,5
-0.06,-1.21,-4.74,1,0,3,5
-0.08,-1.21,-4.72,1,0,3,5
-0.07,-1.21,-4.75,1,0,3,5
-0.06,-1.21,-4.73,1,0,3,5
-0.06,-1.21,-4.72,1,0,3,5
-0.08,-1.23,-4.73,1,0,3,5
-0.07,-1.21,-4.75,1,0,3,5
-0.08,-1.21,-4.73,1,0,3,5
-0.07,-1.22,-4.75,1,0,3,5
-0.08,-1.23,-4.73,1,0,3,5
-0.06,-1.21,-4.75,1,0,3,5
-0.06,-1.22,-4.72,1,0,4,5
-0.05,-1.23,-4.74,1,0,3,5
-0.08,-1.18,-4.73,1,0,4,5
-0.07,-1.21,-4.72,1,0,4,5
-0.05,-1.22,-4.75,1,0,4,5
-0.08,-1.20,-4.74,1,0,3,5
-0.07,-1.22,-4.73,1,0,4,5
-0.06,-1.21,-4.74,1,0,4,5
-0.07,-1.21,-4.75,1,0,3,5
-0.03,-1.21,-4.78,1,0,3,5
-0.08,-1.23,-4.68,1,0,3,5
-0.07,-1.22,-4.72,1,0,3,5
-0.06,-1.22,-4.73,1,0,3,5
-0.05,-1.22,-4.73,1,0,3,5
-0.05,-1.21,-4.73,1,0,4,5
-0.07,-1.22,-4.74,1,0,3,5
-0.05,-1.23,-4.74,1,0,3,5
-0.08,-1.21,-4.73,1,0,3,5
-0.06,-1.22,-4.72,1,0,4,5
-0.07,-1.21,-4.73,1,0,4,5
-0.05,-1.21,-4.81,1,0,4,5
-0.06,-1.23,-4.74,1,0,3,5
-0.06,-1.22,-4.75,1,0,3,5
0.03,-1.23,-4.78,1,1,4,5
-1.41,0.55,2.64,1,1,4,5
0.13,-0.79,-3.11,7,1,6,5
-0.50,-1.28,-4.60,7,1,27,5
0.19,-1.15,-5.31,7,1,31,5
0.01,-1.19,-4.86,7,1,37,5
-0.18,-1.19,-4.58,7,1,42,5
-0.06,-1.19,-4.65,7,1,42,5
-0.08,-1.17,-4.72,7,1,43,5
-0.09,-1.17,-4.75,7,1,41,5
-0.09,-1.18,-4.74,7,1,41,5
-0.09,-1.17,-4.75,7,1,46,5
-0.07,-1.17,-4.75,7,1,55,5
-0.08,-1.19,-4.73,7,1,50,5
-0.08,-1.16,-4.72,7,1,46,5
-0.09,-1.19,-4.72,7,1,48,5
-0.07,-1.19,-4.73,7,1,38,5
-0.10,-1.19,-4.75,7,1,39,5
-0.07,-1.16,-4.75,7,1,45,5
-0.09,-1.19,-4.73,7,1,44,5
-0.09,-1.19,-4.76,7,1,43,5
-0.10,-1.17,-4.75,7,1,48,5
-0.09,-1.19,-4.74,7,1,45,5
-0.08,-1.19,-4.75,7,1,46,5
-0.08,-1.19,-4.73,7,1,56,5
-0.06,-1.18,-4.74,7,1,61,5
-0.07,-1.20,-4.75,7,1,65,5
-0.08,-1.18,-4.76,7,1,71,5
-0.07,-1.17,-4.72,7,1,68,5
-0.09,-1.18,-4.72,7,1,55,5
-0.08,-1.18,-4.73,7,1,44,5
-0.07,-1.19,-4.75,7,1,46,5
-0.08,-1.17,-4.74,7,1,51,5
-0.05,-1.20,-4.75,7,1,54,5
-0.07,-1.20,-4.72,7,1,61,5
-0.09,-1.22,-4.73,7,1,61,5
-0.05,-1.20,-4.75,7,1,58,5
-0.06,-1.20,-4.73,7,1,56,5
-0.06,-1.20,-4.75,7,1,57,5
-0.04,-1.20,-4.85,7,1,61,5
-0.02,-1.24,-4.69,7,1,64,5
-0.03,-1.24,-4.73,7,1,69,5
-0.02,-1.23,-4.78,7,1,65,5
-0.07,-1.25,-4.73,7,1,45,5
-0.02,-1.25,-4.75,7,1,49,5
0.05,-1.17,-4.82,7,1,54,5
0.05,-1.32,-4.63,7,1,56,5
0.11,-1.35,-4.83,7,1,58,5
0.04,-1.27,-4.74,7,1,58,5
-0.02,-1.27,-4.72,7,1,58,5
0.02,-1.30,-4.77,7,1,63,5
-0.00,-1.29,-4.70,7,1,65,5
-0.01,-1.28,-4.66,7,1,72,5
0.00,-1.29,-4.72,7,1,69,5
0.01,-1.29,-4.72,7,1,51,5
0.00,-1.28,-4.69,7,1,50,5
0.01,-1.31,-4.70,7,1,53,5
0.01,-1.27,-4.73,7,1,62,5
0.03,-1.19,-4.76,7,1,62,5
-0.09,-1.49,-4.83,7,1,62,5
0.02,-1.31,-4.73,7,1,64,5
0.05,-1.31,-4.75,7,1,71,5
0.03,-1.30,-4.70,7,1,73,5
0.04,-1.32,-4.67,7,1,64,5
0.03,-1.28,-4.70,7,1,52,5
0.04,-1.30,-4.71,7,1,56,5
0.04,-1.31,-4.70,7,1,64,5
0.04,-1.31,-4.73,7,1,69,5
0.05,-1.31,-4.72,7,1,65,5
0.06,-1.31,-4.72,7,1,72,5
0.04,-1.30,-4.69,7,1,79,5
0.04,-1.29,-4.70,7,1,76,5
0.05,-1.31,-4.73,7,1,62,5
0.05,-1.30,-4.72,7,1,63,5
0.03,-1.30,-4.71,7,1,71,5
0.03,-1.30,-4.72,7,1,74,5
0.04,-1.31,-4.68,7,1,71,5
0.04,-1.31,-4.70,7,1,82,5
0.04,-1.31,-4.70,7,1,85,5
0.03,-1.29,-4.67,7,1,77,5
0.04,-1.31,-4.72,7,1,69,5
0.04,-1.32,-4.73,7,1,77,5
0.04,-1.31,-4.73,7,1,82,5
0.03,-1.30,-4.70,7,1,82,5
0.03,-1.30,-4.70,7,1,89,5
0.03,-1.30,-4.73,7,1,90,5
0.03,-1.30,-4.71,7,1,86,5
0.03,-1.32,-4.69,7,1,83,5
0.03,-1.27,-4.71,7,1,91,5
0.03,-1.30,-4.70,7,1,93,5
0.05,-1.27,-4.69,7,1,98,5
0.04,-1.29,-4.70,7,1,106,5
0.03,-1.28,-4.72,7,1,104,5
0.03,-1.30,-4.69,7,1,98,5
0.03,-1.29,-4.74,7,1,106,5
0.03,-1.29,-4.71,7,1,108,5
0.03,-1.29,-4.70,7,1,113,5
0.02,-1.30,-4.70,7,1,120,5
0.04,-1.30,-4.73,7,1,122,5
0.03,-1.30,-4.68,7,1,117,5
0.03,-1.31,-4.71,7,1,122,5
0.03,-1.31,-4.71,7,1,131,5
0.01,-1.29,-4.71,7,1,131,5
0.03,-1.30,-4.71,7,1,139,5
0.05,-1.31,-4.74,7,1,142,5
0.03,-1.29,-4.71,7,1,138,5
0.02,-1.29,-4.73,7,1,143,5
0.03,-1.29,-4.73,7,1,147,5
0.04,-1.30,-4.70,7,1,149,5
0.03,-1.28,-4.70,7,1,149,5
0.02,-1.30,-4.73,7,1,154,5
0.03,-1.30,-4.71,7,1,150,5
0.03,-1.30,-4.70,7,1,154,5
0.02,-1.29,-4.70,7,1,157,5
0.02,-1.31,-4.70,7,1,158,5
0.02,-1.30,-4.68,7,1,160,5
0.02,-1.30,-4.71,7,1,164,5
0.04,-1.29,-4.70,7,1,164,5
0.01,-1.30,-4.72,7,1,165,5
0.03,-1.30,-4.70,7,1,169,5
0.04,-1.30,-4.68,7,1,169,5
0.04,-1.31,-4.70,7,1,169,5
0.04,-1.29,-4.70,7,1,170,5
0.05,-1.30,-4.71,7,1,172,5
0.03,-1.32,-4.71,7,1,173,5
0.04,-1.31,-4.70,7,1,174,5
0.03,-1.33,-4.71,7,1,173,5
0.02,-1.30,-4.72,7,1,175,5
0.03,-1.31,-4.72,7,1,176,5
0.02,-1.39,-4.73,7,1,176,5
0.05,-1.33,-4.72,7,1,178,5
0.04,-1.32,-4.67,7,1,180,5
0.04,-1.31,-4.70,7,1,180,5
0.02,-1.33,-4.70,7,1,181,5
0.04,-1.33,-4.71,7,1,182,5
0.04,-1.33,-4.71,7,1,182,5
0.05,-1.33,-4.70,7,1,182,5
0.03,-1.33,-4.72,7,1,184,5
0.04,-1.33,-4.70,7,1,184,5
0.05,-1.32,-4.72,7,1,184,5
0.03,-1.33,-4.69,7,1,184,5
0.03,-1.30,-4.58,7,1,184,5
0.03,-1.33,-4.70,7,1,184,5
0.05,-1.33,-4.73,7,1,186,5
0.04,-1.33,-4.70,7,1,187,5
0.04,-1.32,-4.71,7,1,187,5
0.04,-1.33,-4.69,7,1,185,5
0.04,-1.32,-4.70,7,1,187,5
0.03,-1.40,-4.73,7,1,188,5
0.04,-1.32,-4.71,7,1,186,5
0.03,-1.32,-4.70,7,1,187,5
0.04,-1.34,-4.69,7,1,187,5
0.06,-1.34,-4.70,7,1,187,5
0.05,-1.34,-4.70,7,1,188,5
0.05,-1.34,-4.68,7,1,189,5
0.05,-1.33,-4.70,7,1,189,5
0.03,-1.32,-4.70,7,1,189,5
0.05,-1.33,-4.70,7,1,189,5
0.04,-1.33,-4.70,7,1,190,5
0.06,-1.32,-4.71,7,1,190,5
0.05,-1.35,-4.70,7,1,191,5
0.03,-1.34,-4.70,7,1,190,5
0.06,-1.32,-4.69,7,1,190,5
0.05,-1.33,-4.68,7,1,191,5
0.04,-1.32,-4.69,7,1,190,5
0.06,-1.33,-4.68,7,1,191,5
0.04,-1.33,-4.71,7,1,191,5
0.03,-1.32,-4.71,7,1,191,5
0.04,-1.32,-4.71,7,1,191,5
0.04,-1.33,-4.72,7,1,192,5
0.04,-1.32,-4.67,7,1,191,5
0.06,-1.34,-4.71,7,1,191,5
0.03,-1.34,-4.69,7,1,191,5
0.04,-1.33,-4.70,7,1,192,5
0.03,-1.34,-4.71,7,1,192,5
0.04,-1.33,-4.71,7,1,191,5
0.04,-1.31,-4.70,7,1,192,5
0.06,-1.33,-4.70,7,1,192,5
0.06,-1.33,-4.72,7,1,192,5
0.04,-1.33,-4.69,7,1,192,5
0.05,-1.34,-4.69,7,1,192,5
0.04,-1.33,-4.72,7,1,192,5
0.04,-1.34,-4.71,7,1,192,5
0.04,-1.32,-4.69,7,1,192,5
0.05,-1.32,-4.70,7,1,192,5
0.03,-1.33,-4.70,7,1,193,5
0.06,-1.34,-4.70,7,1,192,5
0.04,-1.33,-4.71,7,1,193,5
0.04,-1.33,-4.72,7,1,193,5
0.03,-1.34,-4.70,7,1,193,5
0.04,-1.34,-4.71,7,1,193,5
0.02,-1.32,-4.68,7,1,193,5
0.03,-1.31,-4.71,7,1,194,5
0.05,-1.31,-4.72,7,1,193,5
0.06,-1.32,-4.71,7,1,194,5
0.03,-1.31,-4.70,7,1,195,5
0.03,-1.31,-4.73,7,1,195,5
0.04,-1.28,-4.68,7,1,194,5
0.02,-1.27,-4.69,7,1,195,5
0.03,-1.29,-4.69,7,1,195,5
0.03,-1.30,-4.71,7,1,194,5
0.03,-1.30,-4.71,7,1,194,5
0.01,-1.29,-4.69,7,1,194,5
0.04,-1.30,-4.73,7,1,195,5
0.03,-1.30,-4.73,7,1,196,5
0.02,-1.29,-4.70,7,1,195,5
0.02,-1.29,-4.72,7,1,196,5
0.01,-1.27,-4.70,7,1,195,5
0.02,-1.29,-4.71,7,1,196,5
0.02,-1.30,-4.71,7,1,196,5
0.01,-1.30,-4.69,7,1,195,5
0.04,-1.30,-4.72,7,1,196,5
0.03,-1.29,-4.70,7,1,197,5
0.03,-1.30,-4.71,7,1,196,5
0.03,-1.30,-4.73,7,1,197,5
0.04,-1.28,-4.70,7,1,197,5
0.01,-1.29,-4.72,7,1,196,5
0.02,-1.29,-4.69,7,1,196,5
0.02,-1.26,-4.72,7,1,197,5
0.03,-1.29,-4.71,7,1,196,5
0.04,-1.30,-4.70,7,1,197,5
0.02,-1.29,-4.72,7,1,196,5
0.02,-1.30,-4.72,7,1,197,5
0.02,-1.30,-4.72,7,1,197,5
0.03,-1.30,-4.70,7,1,198,5
0.02,-1.29,-4.71,7,1,197,5
0.04,-1.30,-4.71,7,1,197,5
0.03,-1.29,-4.70,7,1,197,5
0.04,-1.30,-4.71,7,1,197,5
0.03,-1.30,-4.71,7,1,197,5
0.02,-1.29,-4.70,7,1,197,5
0.01,-1.31,-4.67,7,1,197,5
0.02,-1.29,-4.73,7,1,197,5
0.03,-1.31,-4.72,7,1,198,5
0.02,-1.30,-4.72,7,1,198,5
0.03,-1.30,-4.71,7,1,198,5
0.03,-1.31,-4.71,7,1,198,5
0.03,-1.30,-4.70,7,1,198,5
0.03,-1.30,-4.70,7,1,198,5
0.03,-1.31,-4.72,7,1,198,5
0.03,-1.29,-4.70,7,1,198,5
0.02,-1.29,-4.73,7,1,196,5
0.04,-1.31,-4.73,7,1,198,5
0.04,-1.30,-4.72,7,1,198,5
0.02,-1.29,-4.70,7,1,198,5
0.03,-1.30,-4.71,7,1,198,5
0.03,-1.29,-4.72,7,1,198,5
0.04,-1.31,-4.72,7,1,197,5
0.03,-1.29,-4.70,7,1,198,5
0.02,-1.31,-4.72,7,1,198,5
0.02,-1.31,-4.73,7,1,196,5
0.02,-1.30,-4.72,7,1,197,5
0.03,-1.30,-4.72,7,1,196,5
0.03,-1.27,-4.70,7,1,196,5
0.02,-1.28,-4.74,7,1,197,5
0.04,-1.31,-4.70,7,1,195,5
0.03,-1.31,-4.74,7,1,194,5
0.04,-1.29,-4.71,7,1,196,5
0.03,-1.30,-4.71,7,1,197,5
0.04,-1.30,-4.71,7,1,196,5
0.03,-1.30,-4.70,7,1,196,5
0.05,-1.30,-4.70,7,1,197,5
0.03,-1.29,-4.73,7,1,197,5
0.02,-1.29,-4.74,7,1,197,5
0.03,-1.30,-4.72,7,1,197,5
0.03,-1.29,-4.72,7,1,198,5
0.04,-1.30,-4.68,7,1,198,5
0.03,-1.29,-4.71,7,1,197,5
0.03,-1.29,-4.72,7,1,197,5
0.03,-1.30,-4.70,7,1,197,5
0.03,-1.29,-4.73,7,1,198,5
0.03,-1.30,-4.71,7,1,197,5
0.03,-1.30,-4.70,7,1,198,5
0.04,-1.30,-4.70,7,1,198,5
0.03,-1.30,-4.72,7,1,198,5
0.01,-1.29,-4.66,7,1,198,5
0.03,-1.31,-4.71,7,1,197,5
0.01,-1.31,-4.69,7,1,197,5
0.04,-1.31,-4.71,7,1,198,5
0.03,-1.31,-4.71,7,1,199,5
0.03,-1.32,-4.70,7,1,198,5
0.04,-1.32,-4.70,7,1,198,5
0.04,-1.32,-4.71,7,1,198,5
0.04,-1.32,-4.75,7,1,67,5
-0.32,-1.42,-4.21,7,1,5,5
0.33,-1.34,-4.91,7,0,3,5
0.07,-1.41,-4.39,7,0,4,5
0.04,-1.31,-4.72,7,0,3,5
0.04,-1.28,-4.61,7,0,4,5
0.06,-1.29,-4.80,7,0,3,5
0.06,-1.31,-4.93,7,0,3,5
0.01,-1.30,-4.68,7,0,3,5
0.13,-1.31,-4.50,7,0,3,5
0.06,-1.33,-4.73,7,0,3,5
0.11,-1.32,-4.86,7,0,3,5
0.07,-1.35,-4.87,7,0,3,5
0.05,-1.32,-4.68,7,0,3,5
0.03,-1.31,-4.63,7,0,4,5
0.01,-1.32,-4.72,7,0,4,5
0.02,-1.32,-4.70,7,0,4,5
0.04,-1.34,-4.75,7,0,4,5
0.03,-1.34,-4.68,7,0,4,5
0.05,-1.33,-4.70,7,0,4,5
0.05,-1.33,-4.70,7,0,3,5
0.03,-1.32,-4.70,7,0,4,5
0.00,-1.34,-4.62,7,0,4,5
0.02,-1.34,-4.71,7,0,4,5
0.04,-1.31,-4.68,7,0,3,5
0.02,-1.34,-4.58,7,0,3,5
0.06,-1.34,-4.73,7,0,3,5
0.04,-1.33,-4.68,7,0,3,5
0.03,-1.34,-4.68,7,0,3,5
0.05,-1.33,-4.71,7,0,4,5
0.04,-1.34,-4.70,7,0,3,5
0.05,-1.31,-4.68,7,0,4,5
0.05,-1.35,-4.69,7,0,3,5
0.04,-1.33,-4.72,7,0,3,5
0.04,-1.32,-4.69,7,0,4,5
0.04,-1.35,-4.71,7,0,4,5
-0.18,-1.23,-5.08,7,0,3,5
0.08,-1.33,-4.79,7,0,3,5
0.03,-1.32,-4.70,7,0,3,5
0.03,-1.32,-4.67,7,0,4,5
0.04,-1.32,-4.74,7,0,4,5
0.04,-1.34,-4.73,7,0,4,5
0.04,-1.32,-4.69,7,0,3,5
0.04,-1.31,-4.70,7,0,4,5
0.05,-1.33,-4.71,7,0,3,5
0.05,-1.32,-4.70,7,0,3,5
0.04,-1.33,-4.70,7,0,3,5
0.03,-1.30,-4.70,7,0,3,5
0.05,-1.32,-4.71,7,0,3,5
0.03,-1.30,-4.71,7,0,3,5
0.03,-1.33,-4.70,7,0,3,5
0.03,-1.31,-4.70,7,0,3,5
0.03,-1.32,-4.69,7,0,3,5
0.05,-1.32,-4.70,7,0,3,5
0.03,-1.32,-4.69,7,0,3,5
0.05,-1.31,-4.69,7,0,3,5
0.05,-1.32,-4.70,7,0,4,5
0.04,-1.31,-4.72,7,0,3,5
0.03,-1.34,-4.71,7,0,4,5
0.03,-1.31,-4.72,7,0,4,5
0.03,-1.29,-4.69,7,0,4,5
0.03,-1.32,-4.70,7,0,3,5
0.04,-1.33,-4.70,7,0,3,5
0.04,-1.31,-4.71,7,0,3,5
0.03,-1.32,-4.71,7,0,3,5
0.05,-1.33,-4.70,7,0,4,5
0.04,-1.31,-4.72,7,0,3,5
0.02,-1.31,-4.70,7,0,3,5
0.05,-1.32,-4.69,7,0,3,5
0.03,-1.30,-4.72,7,0,3,5
0.05,-1.32,-4.71,7,0,3,5
0.04,-1.30,-4.71,7,0,3,5
0.05,-1.33,-4.71,7,0,3,5
0.02,-1.32,-4.70,7,0,3,5
0.05,-1.32,-4.69,7,0,4,5
0.04,-1.33,-4.68,7,0,3,5
0.03,-1.31,-4.71,7,0,3,5
-0.01,-1.32,-4.71,7,0,3,5
0.06,-1.31,-4.70,7,0,3,5
0.02,-1.31,-4.70,7,0,3,5
0.04,-1.31,-4.70,7,0,3,5
0.03,-1.30,-4.70,7,0,3,5
0.03,-1.32,-4.72,7,0,3,5
0.06,-1.29,-4.70,7,0,3,5
0.06,-1.30,-4.72,7,0,4,5
0.05,-1.32,-4.71,7,0,3,5
0.05,-1.31,-4.69,7,0,3,5
0.09,-1.33,-4.86,7,0,3,5
0.05,-1.32,-4.73,7,0,3,5
-0.08,-1.31,-4.81,7,0,3,5
0.32,-1.70,-4.98,5,1,5,5
-0.60,-1.45,-4.51,5,1,16,5
0.19,-1.34,-4.60,5,1,18,5
-0.03,-1.26,-4.45,5,1,18,5
-0.01,-1.31,-4.58,5,1,23,5
0.03,-1.29,-4.74,5,1,27,5
0.09,-1.27,-4.70,5,1,27,5
0.02,-1.29,-4.76,5,1,26,5
0.01,-1.25,-4.80,5,1,26,5
0.02,-1.27,-4.71,5,1,35,5
0.03,-1.29,-4.74,5,1,38,5
0.03,-1.29,-4.73,5,1,33,5
0.05,-1.26,-4.70,5,1,36,5
0.02,-1.25,-4.75,5,1,34,5
0.05,-1.27,-4.71,5,1,33,5
0.05,-1.28,-4.72,5,1,37,5
0.03,-1.26,-4.70,5,1,39,5
0.07,-1.29,-4.69,5,1,44,5
0.04,-1.26,-4.71,5,1,47,5
0.03,-1.28,-4.72,5,1,37,5
0.04,-1.28,-4.73,5,1,32,5
0.04,-1.27,-4.72,5,1,36,5
0.02,-1.27,-4.70,5,1,35,5
0.03,-1.29,-4.73,5,1,40,5
0.06,-1.28,-4.72,5,1,38,5
0.03,-1.27,-4.72,5,1,43,5
0.06,-1.29,-4.71,5,1,46,5
0.01,-1.30,-4.71,5,1,43,5
0.04,-1.28,-4.72,5,1,44,5
0.03,-1.27,-4.71,5,1,42,5
0.03,-1.28,-4.72,5,1,45,5
0.02,-1.28,-4.70,5,1,46,5
0.04,-1.29,-4.73,5,1,50,5
0.03,-1.27,-4.72,5,1,54,5
0.03,-1.28,-4.73,5,1,47,5
0.04,-1.29,-4.74,5,1,51,5
0.01,-1.30,-4.72,5,1,54,5
0.03,-1.28,-4.72,5,1,55,5
0.04,-1.30,-4.71,5,1,57,5
0.02,-1.30,-4.71,5,1,60,5
0.03,-1.30,-4.69,5,1,60,5
0.04,-1.29,-4.75,5,1,62,5
0.05,-1.28,-4.74,5,1,64,5
0.03,-1.32,-4.70,5,1,65,5
0.07,-1.30,-4.75,5,1,70,5
0.02,-1.30,-4.68,5,1,72,5
0.06,-1.32,-4.73,5,1,68,5
0.05,-1.30,-4.71,5,1,73,5
0.04,-1.29,-4.70,5,1,79,5
0.04,-1.30,-4.71,5,1,80,5
0.04,-1.31,-4.71,5,1,86,5
0.04,-1.31,-4.66,5,1,87,5
0.04,-1.30,-4.69,5,1,83,5
0.05,-1.31,-4.71,5,1,90,5
0.05,-1.31,-4.69,5,1,94,5
0.03,-1.32,-4.67,5,1,96,5
0.06,-1.30,-4.71,5,1,101,5
0.04,-1.33,-4.72,5,1,98,5
0.03,-1.33,-4.75,5,1,103,5
0.04,-1.31,-4.69,5,1,106,5
0.03,-1.32,-4.69,5,1,107,5
0.05,-1.33,-4.71,5,1,111,5
0.03,-1.33,-4.73,5,1,112,5
0.06,-1.32,-4.71,5,1,115,5
0.06,-1.31,-4.69,5,1,118,5
0.04,-1.30,-4.70,5,1,117,5
0.05,-1.31,-4.69,5,1,119,5
0.04,-1.33,-4.73,5,1,119,5
0.04,-1.31,-4.69,5,1,120,5
0.05,-1.32,-4.72,5,1,123,5
0.05,-1.33,-4.70,5,1,124,5
0.04,-1.31,-4.71,5,1,125,5
0.05,-1.32,-4.70,5,1,125,5
0.04,-1.31,-4.72,5,1,125,5
0.05,-1.32,-4.71,5,1,126,5
0.05,-1.32,-4.73,5,1,130,5
0.03,-1.33,-4.73,5,1,131,5
0.03,-1.31,-4.70,5,1,131,5
0.03,-1.32,-4.71,5,1,132,5
0.03,-1.31,-4.72,5,1,133,5
0.02,-1.31,-4.70,5,1,134,5
0.05,-1.31,-4.73,5,1,133,5
0.05,-1.32,-4.70,5,1,134,5
0.04,-1.32,-4.72,5,1,135,5
0.04,-1.33,-4.70,5,1,135,5
0.04,-1.30,-4.69,5,1,135,5
0.05,-1.31,-4.69,5,1,136,5
0.03,-1.31,-4.71,5,1,136,5
0.06,-1.32,-4.70,5,1,136,5
0.05,-1.32,-4.62,5,1,136,5
0.05,-1.32,-4.70,5,1,137,5
0.03,-1.33,-4.68,5,1,137,5
0.02,-1.32,-4.70,5,1,137,5
0.03,-1.34,-4.69,5,1,137,5
0.04,-1.34,-4.72,5,1,138,5
0.04,-1.33,-4.69,5,1,138,5
0.04,-1.34,-4.68,5,1,138,5
0.03,-1.34,-4.70,5,1,138,5
0.04,-1.34,-4.71,5,1,138,5
0.03,-1.33,-4.71,5,1,138,5
0.03,-1.33,-4.72,5,1,138,5
0.05,-1.34,-4.71,5,1,138,5
0.03,-1.33,-4.72,5,1,138,5
0.03,-1.32,-4.69,5,1,139,5
0.04,-1.34,-4.68,5,1,139,5
0.03,-1.35,-4.72,5,1,139,5
0.04,-1.33,-4.70,5,1,139,5
0.04,-1.34,-4.69,5,1,140,5
0.03,-1.34,-4.72,5,1,139,5
0.03,-1.33,-4.71,5,1,140,5
0.05,-1.35,-4.72,5,1,141,5
0.05,-1.34,-4.71,5,1,140,5
0.04,-1.34,-4.71,5,1,140,5
0.05,-1.34,-4.70,5,1,140,5
0.04,-1.33,-4.70,5,1,140,5
0.05,-1.31,-4.70,5,1,141,5
0.05,-1.34,-4.71,5,1,141,5
0.03,-1.34,-4.71,5,1,140,5
0.03,-1.35,-4.71,5,1,141,5
0.04,-1.33,-4.70,5,1,141,5
0.05,-1.34,-4.72,5,1,140,5
0.03,-1.34,-4.68,5,1,141,5
0.04,-1.34,-4.68,5,1,141,5
0.06,-1.35,-4.71,5,1,141,5
0.05,-1.35,-4.66,5,1,142,5
0.06,-1.32,-4.70,5,1,142,5
0.05,-1.34,-4.69,5,1,143,5
0.05,-1.31,-4.68,5,1,142,5
0.04,-1.32,-4.69,5,1,142,5
0.03,-1.33,-4.69,5,1,142,5
0.04,-1.33,-4.70,5,1,142,5
0.04,-1.35,-4.70,5,1,141,5
0.05,-1.34,-4.70,5,1,142,5
0.05,-1.33,-4.70,5,1,142,5
0.04,-1.33,-4.73,5,1,142,5
0.04,-1.34,-4.69,5,1,143,5
0.04,-1.33,-4.69,5,1,142,5
0.05,-1.34,-4.70,5,1,142,5
0.04,-1.33,-4.68,5,1,142,5
0.03,-1.34,-4.70,5,1,142,5
0.04,-1.34,-4.70,5,1,142,5
0.04,-1.32,-4.69,5,1,142,5
0.04,-1.34,-4.69,5,1,143,5
0.04,-1.33,-4.71,5,1,143,5
0.05,-1.34,-4.69,5,1,143,5
0.05,-1.34,-4.71,5,1,143,5
0.05,-1.34,-4.72,5,1,144,5
0.04,-1.36,-4.70,5,1,143,5
0.05,-1.36,-4.72,5,1,144,5
0.03,-1.33,-4.71,5,1,143,5
0.04,-1.32,-4.68,5,1,144,5
0.05,-1.34,-4.69,5,1,144,5
0.02,-1.33,-4.72,5,1,144,5
0.04,-1.33,-4.69,5,1,144,5
0.03,-1.35,-4.71,5,1,144,5
0.03,-1.35,-4.70,5,1,145,5
0.03,-1.34,-4.70,5,1,144,5
0.06,-1.33,-4.70,5,1,144,5
0.05,-1.33,-4.71,5,1,145,5
0.03,-1.34,-4.69,5,1,144,5
0.03,-1.32,-4.72,5,1,144,5
0.04,-1.33,-4.70,5,1,144,5
0.03,-1.33,-4.68,5,1,144,5
0.04,-1.35,-4.71,5,1,144,5
0.05,-1.35,-4.70,5,1,145,5
0.03,-1.33,-4.69,5,1,145,5
0.05,-1.35,-4.74,5,1,144,5
0.04,-1.35,-4.69,5,1,144,5
0.05,-1.34,-4.71,5,1,144,5
0.05,-1.34,-4.71,5,1,144,5
0.02,-1.33,-4.71,5,1,144,5
0.04,-1.34,-4.69,5,1,145,5
0.03,-1.34,-4.71,5,1,145,5
0.04,-1.34,-4.68,5,1,145,5
0.04,-1.35,-4.70,5,1,145,5
0.05,-1.32,-4.71,5,1,145,5
0.03,-1.34,-4.69,5,1,145,5
0.05,-1.35,-4.71,5,1,145,5
0.05,-1.33,-4.70,5,1,145,5
0.05,-1.32,-4.70,5,1,145,5
0.04,-1.35,-4.70,5,1,145,5
0.02,-1.34,-4.74,5,1,146,5
0.03,-1.32,-4.71,5,1,145,5
0.03,-1.31,-4.72,5,1,145,5
0.06,-1.34,-4.68,5,1,146,5
0.02,-1.31,-4.70,5,1,146,5
0.03,-1.32,-4.69,5,1,146,5
0.01,-1.31,-4.66,5,1,147,5
0.04,-1.31,-4.70,5,1,146,5
0.05,-1.32,-4.71,5,1,146,5
0.04,-1.32,-4.70,5,1,147,5
0.06,-1.32,-4.70,5,1,147,5
0.04,-1.30,-4.69,5,1,147,5
0.05,-1.30,-4.73,5,1,147,5
0.04,-1.30,-4.70,5,1,147,5
0.05,-1.32,-4.72,5,1,147,5
0.03,-1.30,-4.69,5,1,147,5
0.04,-1.30,-4.70,5,1,146,5
0.05,-1.31,-4.73,5,1,147,5
0.03,-1.32,-4.71,5,1,147,5
0.04,-1.31,-4.71,5,1,147,5
0.04,-1.30,-4.73,5,1,147,5
0.03,-1.30,-4.69,5,1,147,5
-0.00,-1.32,-4.63,5,1,147,5
0.04,-1.32,-4.75,5,1,147,5
0.04,-1.32,-4.71,5,1,147,5
0.05,-1.35,-4.69,5,1,147,5
0.03,-1.35,-4.69,5,1,146,5
0.03,-1.34,-4.67,5,1,147,5
0.05,-1.35,-4.71,5,1,148,5
0.05,-1.33,-4.71,5,1,147,5
0.03,-1.33,-4.69,5,1,147,5
0.03,-1.32,-4.70,5,1,147,5
0.04,-1.31,-4.78,5,1,147,5
0.03,-1.31,-4.71,5,1,147,5
0.04,-1.33,-4.72,5,1,147,5
0.05,-1.30,-4.71,5,1,147,5
0.05,-1.31,-4.71,5,1,147,5
0.05,-1.31,-4.70,5,1,147,5
0.02,-1.30,-4.70,5,1,147,5
0.06,-1.30,-4.69,5,1,147,5
0.04,-1.30,-4.72,5,1,147,5
0.02,-1.31,-4.70,5,1,146,5
0.05,-1.32,-4.71,5,1,147,5
0.03,-1.29,-4.71,5,1,148,5
0.04,-1.32,-4.71,5,1,147,5
0.05,-1.32,-4.70,5,1,147,5
0.05,-1.30,-4.72,5,1,148,5
0.04,-1.32,-4.72,5,1,148,5
0.04,-1.31,-4.71,5,1,148,5
0.04,-1.31,-4.71,5,1,148,5
0.03,-1.32,-4.70,5,1,148,5
0.07,-1.32,-4.71,5,1,147,5
0.05,-1.31,-4.71,5,1,148,5
0.04,-1.32,-4.70,5,1,148,5
0.05,-1.31,-4.70,5,1,148,5
0.05,-1.32,-4.69,5,1,148,5
0.04,-1.31,-4.70,5,1,149,5
0.05,-1.30,-4.70,5,1,148,5
0.06,-1.32,-4.72,5,1,148,5
0.04,-1.30,-4.71,5,1,149,5
0.05,-1.31,-4.71,5,1,149,5
0.03,-1.30,-4.70,5,1,149,5
0.03,-1.30,-4.71,5,1,148,5
0.04,-1.31,-4.70,5,1,149,5
0.04,-1.29,-4.72,5,1,148,5
0.04,-1.30,-4.73,5,1,148,5
0.06,-1.31,-4.70,5,1,148,5
0.05,-1.32,-4.70,5,1,148,5
0.04,-1.30,-4.71,5,1,149,5
0.05,-1.31,-4.70,5,1,149,5
0.04,-1.33,-4.69,5,1,149,5
0.04,-1.31,-4.72,5,1,148,5
0.06,-1.31,-4.68,5,1,149,5
0.05,-1.31,-4.72,5,1,149,5
0.05,-1.31,-4.70,5,1,149,5
0.05,-1.31,-4.71,5,1,149,5
0.03,-1.30,-4.71,5,1,149,5
0.05,-1.32,-4.70,5,1,149,5
0.04,-1.32,-4.70,5,1,149,5
0.04,-1.31,-4.69,5,1,149,5
0.04,-1.31,-4.72,5,1,149,5
0.01,-1.33,-4.69,5,1,117,5
1.04,-1.57,-6.07,5,1,17,5
0.06,-1.28,-4.43,5,0,3,5
0.05,-1.36,-5.17,5,0,3,5
0.02,-1.33,-4.58,5,0,4,5
0.01,-1.27,-4.75,5,0,4,5
-0.06,-1.28,-4.58,5,0,4,5
-0.00,-1.25,-4.87,5,0,4,5
-0.04,-1.29,-4.62,5,0,4,5
-0.03,-1.29,-4.74,5,0,4,5
0.13,-1.24,-4.81,5,0,4,5
0.07,-1.33,-4.74,5,0,4,5
-0.01,-1.30,-4.62,5,0,4,5
0.07,-1.30,-4.74,5,0,4,5
0.06,-1.32,-4.75,5,0,5,5
0.02,-1.32,-4.59,5,0,4,5
0.04,-1.32,-4.54,5,0,4,5
0.05,-1.33,-4.62,5,0,5,5
0.04,-1.32,-4.71,5,0,4,5
0.01,-1.29,-4.60,5,0,4,5
0.02,-1.30,-4.67,5,0,4,5
0.06,-1.31,-4.76,5,0,4,5
0.03,-1.31,-4.73,5,0,4,5
0.04,-1.31,-4.76,5,0,4,5
0.07,-1.32,-4.72,5,0,4,5
0.05,-1.32,-4.73,5,0,3,5
0.08,-1.29,-4.73,5,0,4,5
0.04,-1.31,-4.72,5,0,4,5
0.04,-1.31,-4.68,5,0,3,5
0.03,-1.33,-4.67,5,0,4,5
0.03,-1.32,-4.71,5,0,4,5
0.05,-1.31,-4.72,5,0,4,5
0.05,-1.31,-4.71,5,0,4,5
0.03,-1.31,-4.71,5,0,4,5
0.05,-1.32,-4.70,5,0,3,5
0.03,-1.31,-4.71,5,0,3,5
0.04,-1.30,-4.72,5,0,3,5
0.03,-1.32,-4.69,5,0,3,5
0.03,-1.31,-4.72,5,0,3,5
0.04,-1.29,-4.72,5,0,3,5
0.03,-1.31,-4.73,5,0,4,5
0.03,-1.30,-4.70,5,0,3,5
0.05,-1.32,-4.75,5,0,3,5
0.03,-1.32,-4.71,5,0,3,5
0.02,-1.32,-4.71,5,0,3,5
0.03,-1.32,-4.71,5,0,3,5
0.03,-1.31,-4.74,5,0,3,5
0.05,-1.30,-4.69,5,0,3,5
0.03,-1.30,-4.70,5,0,3,5
0.02,-1.32,-4.74,5,0,3,5
0.04,-1.30,-4.68,5,0,3,5
0.05,-1.30,-4.70,5,0,3,5
0.03,-1.31,-4.69,5,0,4,5
0.04,-1.30,-4.72,5,0,4,5
0.03,-1.35,-4.68,5,0,3,5
0.05,-1.33,-4.68,5,0,3,5
0.04,-1.34,-4.71,5,0,3,5
0.03,-1.32,-4.69,5,0,3,5
0.04,-1.33,-4.68,5,0,3,5
0.02,-1.32,-4.68,5,0,3,5
0.07,-1.34,-4.70,5,0,3,5
0.04,-1.33,-4.70,5,0,3,5
0.05,-1.33,-4.70,5,0,3,5
0.04,-1.33,-4.66,5,0,3,5
0.05,-1.32,-4.74,5,0,3,5
0.05,-1.32,-4.69,5,0,3,5
0.04,-1.31,-4.68,5,0,3,5
0.02,-1.33,-4.70,5,0,3,5
0.03,-1.32,-4.72,5,0,3,5
0.05,-1.31,-4.69,5,0,3,5
0.03,-1.32,-4.72,5,0,3,5
0.04,-1.31,-4.72,5,0,3,5
0.03,-1.32,-4.71,5,0,3,5
0.03,-1.31,-4.73,5,0,4,5
0.02,-1.32,-4.71,5,0,3,5
0.03,-1.33,-4.68,5,0,3,5
0.04,-1.31,-4.70,5,0,3,5
0.04,-1.34,-4.72,5,0,3,5
0.04,-1.32,-4.72,5,0,4,5
0.02,-1.31,-4.68,5,0,3,5
0.05,-1.34,-4.73,5,0,3,5
0.03,-1.33,-4.76,5,0,4,5
-0.63,0.80,-5.50,1,1,5,5
-0.34,-1.00,-4.17,1,1,7,5
-0.89,-1.15,-5.26,1,1,19,5
0.04,-1.30,-5.14,1,1,35,5
0.15,-1.19,-4.93,1,1,31,5
0.02,-1.31,-4.57,1,1,21,5
0.02,-1.23,-4.62,1,1,24,5
0.00,-1.25,-4.62,1,1,28,5
0.05,-1.25,-4.73,1,1,33,5
0.05,-1.27,-4.73,1,1,37,5
0.04,-1.24,-4.73,1,1,41,5
0.03,-1.25,-4.69,1,1,40,5
0.05,-1.25,-4.71,1,1,34,5
0.03,-1.28,-4.70,1,1,27,5
0.01,-1.25,-4.74,1,1,29,5
0.03,-1.25,-4.73,1,1,25,5
0.05,-1.27,-4.74,1,1,35,5
0.03,-1.25,-4.70,1,1,37,5
0.03,-1.26,-4.71,1,1,38,5
0.03,-1.26,-4.72,1,1,30,5
0.03,-1.26,-4.72,1,1,38,5
0.04,-1.26,-4.74,1,1,45,5
0.04,-1.26,-4.71,1,1,46,5
0.02,-1.26,-4.72,1,1,49,5
0.05,-1.25,-4.72,1,1,48,5
0.03,-1.25,-4.70,1,1,39,5
0.04,-1.27,-4.72,1,1,41,5
0.06,-1.27,-4.72,1,1,32,5
0.01,-1.26,-4.71,1,1,35,5
0.02,-1.27,-4.71,1,1,30,5
0.05,-1.26,-4.69,1,1,30,5
0.04,-1.28,-4.74,1,1,31,5
0.03,-1.25,-4.71,1,1,36,5
0.04,-1.26,-4.71,1,1,40,5
0.03,-1.28,-4.74,1,1,35,5
0.08,-1.29,-4.83,1,1,37,5
0.03,-1.27,-4.70,1,1,38,5
0.03,-1.29,-4.69,1,1,44,5
0.04,-1.26,-4.70,1,1,43,5
0.04,-1.27,-4.71,1,1,43,5
0.05,-1.29,-4.69,1,1,45,5
0.03,-1.27,-4.74,1,1,46,5
0.05,-1.28,-4.74,1,1,46,5
0.05,-1.28,-4.73,1,1,40,5
0.03,-1.28,-4.73,1,1,31,5
0.04,-1.27,-4.70,1,1,36,5
0.04,-1.27,-4.72,1,1,40,5
0.06,-1.29,-4.72,1,1,34,5
0.06,-1.29,-4.71,1,1,29,5
0.05,-1.30,-4.70,1,1,34,5
0.03,-1.29,-4.72,1,1,46,5
0.02,-1.29,-4.66,1,1,50,5
0.04,-1.29,-4.71,1,1,51,5
0.05,-1.29,-4.71,1,1,48,5
0.05,-1.29,-4.71,1,1,43,5
0.05,-1.30,-4.73,1,1,32,5
0.04,-1.30,-4.70,1,1,30,5
0.04,-1.27,-4.72,1,1,41,5
0.04,-1.30,-4.69,1,1,47,5
0.04,-1.30,-4.70,1,1,47,5
0.05,-1.30,-4.71,1,1,38,5
0.05,-1.31,-4.70,1,1,38,5
0.04,-1.29,-4.72,1,1,46,5
0.04,-1.29,-4.70,1,1,42,5
0.04,-1.31,-4.73,1,1,51,5
0.05,-1.28,-4.70,1,1,47,5
0.05,-1.30,-4.70,1,1,49,5
0.05,-1.30,-4.72,1,1,42,5
0.05,-1.32,-4.71,1,1,39,5
0.04,-1.28,-4.71,1,1,47,5
0.05,-1.30,-4.71,1,1,53,5
0.04,-1.30,-4.72,1,1,54,5
0.05,-1.29,-4.69,1,1,46,5
0.05,-1.31,-4.70,1,1,47,5
0.03,-1.30,-4.72,1,1,54,5
0.06,-1.32,-4.70,1,1,57,5
0.05,-1.30,-4.73,1,1,55,5
0.03,-1.31,-4.70,1,1,51,5
0.07,-1.29,-4.70,1,1,55,5
0.03,-1.31,-4.70,1,1,57,5
0.06,-1.30,-4.70,1,1,60,5
0.05,-1.30,-4.70,1,1,65,5
0.05,-1.31,-4.73,1,1,64,5
0.03,-1.30,-4.71,1,1,58,5
0.05,-1.29,-4.71,1,1,61,5
0.03,-1.31,-4.72,1,1,66,5
0.03,-1.29,-4.69,1,1,70,5
0.06,-1.31,-4.70,1,1,69,5
0.03,-1.29,-4.70,1,1,69,5
0.02,-1.30,-4.70,1,1,77,5
0.04,-1.30,-4.70,1,1,76,5
0.04,-1.31,-4.70,1,1,74,5
0.04,-1.29,-4.72,1,1,74,5
0.04,-1.31,-4.70,1,1,81,5
0.05,-1.30,-4.72,1,1,81,5
0.05,-1.30,-4.70,1,1,80,5
0.06,-1.29,-4.72,1,1,88,5
0.07,-1.30,-4.70,1,1,86,5
0.04,-1.30,-4.69,1,1,85,5
0.06,-1.29,-4.72,1,1,88,5
0.06,-1.31,-4.72,1,1,97,5
0.04,-1.28,-4.74,1,1,95,5
0.06,-1.29,-4.69,1,1,91,5
0.03,-1.31,-4.73,1,1,98,5
0.04,-1.31,-4.71,1,1,99,5
0.04,-1.30,-4.72,1,1,100,5
0.04,-1.30,-4.69,1,1,98,5
0.03,-1.31,-4.69,1,1,104,5
0.04,-1.30,-4.73,1,1,107,5
0.03,-1.31,-4.70,1,1,105,5
0.05,-1.29,-4.72,1,1,107,5
0.02,-1.30,-4.73,1,1,112,5
0.02,-1.29,-4.69,1,1,113,5
0.05,-1.31,-4.70,1,1,113,5
0.04,-1.30,-4.72,1,1,118,5
0.02,-1.30,-4.73,1,1,118,5
0.04,-1.30,-4.70,1,1,120,5
0.04,-1.32,-4.70,1,1,122,5
0.04,-1.30,-4.70,1,1,126,5
0.05,-1.31,-4.72,1,1,125,5
0.03,-1.30,-4.70,1,1,130,5
0.05,-1.29,-4.71,1,1,135,5
0.05,-1.30,-4.71,1,1,133,5
0.04,-1.31,-4.70,1,1,137,5
0.03,-1.30,-4.70,1,1,140,5
0.05,-1.28,-4.70,1,1,141,5
0.05,-1.30,-4.70,1,1,140,5
0.06,-1.30,-4.70,1,1,144,5
0.04,-1.30,-4.70,1,1,145,5
0.03,-1.31,-4.69,1,1,145,5
0.04,-1.30,-4.72,1,1,145,5
0.04,-1.30,-4.71,1,1,147,5
0.03,-1.30,-4.73,1,1,150,5
0.04,-1.30,-4.72,1,1,150,5
0.03,-1.31,-4.71,1,1,153,5
0.02,-1.31,-4.73,1,1,154,5
0.03,-1.29,-4.70,1,1,153,5
0.04,-1.31,-4.71,1,1,154,5
0.02,-1.29,-4.74,1,1,157,5
0.04,-1.30,-4.72,1,1,156,5
0.06,-1.30,-4.72,1,1,157,5
0.04,-1.31,-4.72,1,1,158,5
0.05,-1.29,-4.71,1,1,159,5
0.05,-1.30,-4.71,1,1,160,5
0.04,-1.31,-4.70,1,1,161,5
0.06,-1.31,-4.72,1,1,161,5
0.03,-1.29,-4.70,1,1,162,5
0.04,-1.31,-4.70,1,1,162,5
0.06,-1.31,-4.69,1,1,162,5
0.05,-1.31,-4.73,1,1,163,5
0.05,-1.29,-4.71,1,1,164,5
0.04,-1.30,-4.70,1,1,165,5
0.05,-1.30,-4.72,1,1,165,5
0.04,-1.29,-4.70,1,1,165,5
0.04,-1.31,-4.71,1,1,165,5
0.03,-1.30,-4.71,1,1,165,5
0.03,-1.32,-4.71,1,1,165,5
0.05,-1.31,-4.71,1,1,166,5
0.04,-1.30,-4.73,1,1,166,5
0.04,-1.30,-4.71,1,1,166,5
0.05,-1.29,-4.72,1,1,167,5
0.05,-1.30,-4.71,1,1,167,5
0.04,-1.30,-4.68,1,1,167,5
0.04,-1.30,-4.70,1,1,167,5
0.04,-1.28,-4.72,1,1,167,5
0.06,-1.30,-4.70,1,1,167,5
0.03,-1.30,-4.70,1,1,167,5
0.04,-1.30,-4.71,1,1,168,5
0.05,-1.29,-4.71,1,1,167,5
0.02,-1.30,-4.70,1,1,168,5
0.03,-1.32,-4.73,1,1,168,5
0.04,-1.32,-4.70,1,1,168,5
0.06,-1.30,-4.70,1,1,168,5
0.04,-1.29,-4.73,1,1,168,5
0.04,-1.29,-4.71,1,1,169,5
0.00,-1.30,-4.72,1,1,169,5
0.03,-1.29,-4.73,1,1,169,5
0.06,-1.30,-4.72,1,1,170,5
0.05,-1.31,-4.72,1,1,169,5
0.03,-1.30,-4.72,1,1,169,5
0.05,-1.29,-4.70,1,1,170,5
0.04,-1.31,-4.72,1,1,170,5
0.02,-1.29,-4.71,1,1,170,5
0.06,-1.30,-4.71,1,1,171,5
0.01,-1.30,-4.72,1,1,171,5
0.05,-1.30,-4.71,1,1,171,5
0.03,-1.31,-4.70,1,1,171,5
0.04,-1.30,-4.70,1,1,171,5
0.05,-1.31,-4.71,1,1,171,5
0.04,-1.30,-4.72,1,1,171,5
0.03,-1.29,-4.72,1,1,171,5
0.04,-1.31,-4.72,1,1,171,5
0.03,-1.30,-4.71,1,1,171,5
0.05,-1.30,-4.68,1,1,171,5
0.04,-1.30,-4.73,1,1,172,5
0.06,-1.32,-4.71,1,1,172,5
0.04,-1.30,-4.71,1,1,172,5
0.03,-1.30,-4.70,1,1,172,5
0.05,-1.32,-4.69,1,1,172,5
0.03,-1.31,-4.73,1,1,172,5
0.04,-1.32,-4.70,1,1,172,5
0.04,-1.32,-4.70,1,1,172,5
0.06,-1.32,-4.71,1,1,172,5
0.05,-1.31,-4.70,1,1,172,5
0.04,-1.32,-4.74,1,1,173,5
0.04,-1.32,-4.70,1,1,172,5
0.02,-1.31,-4.70,1,1,173,5
0.03,-1.31,-4.70,1,1,173,5
0.05,-1.30,-4.70,1,1,173,5
0.05,-1.31,-4.70,1,1,173,5
0.04,-1.31,-4.70,1,1,173,5
0.04,-1.31,-4.70,1,1,172,5
0.05,-1.32,-4.70,1,1,172,5
0.04,-1.32,-4.70,1,1,172,5
0.04,-1.32,-4.70,1,1,172,5
0.04,-1.29,-4.72,1,1,172,5
0.04,-1.32,-4.71,1,1,173,5
0.03,-1.30,-4.70,1,1,172,5
0.03,-1.31,-4.71,1,1,173,5
0.03,-1.31,-4.71,1,1,172,5
0.05,-1.30,-4.72,1,1,172,5
0.03,-1.30,-4.70,1,1,173,5
0.04,-1.29,-4.71,1,1,174,5
0.03,-1.32,-4.72,1,1,172,5
0.03,-1.32,-4.70,1,1,173,5
0.05,-1.33,-4.70,1,1,173,5
0.05,-1.32,-4.72,1,1,173,5
0.04,-1.30,-4.70,1,1,173,5
0.05,-1.29,-4.72,1,1,173,5
0.02,-1.31,-4.69,1,1,174,5
0.03,-1.30,-4.69,1,1,173,5
0.04,-1.31,-4.71,1,1,173,5
0.03,-1.31,-4.70,1,1,174,5
0.03,-1.31,-4.69,1,1,174,5
0.05,-1.31,-4.73,1,1,174,5
0.04,-1.30,-4.72,1,1,174,5
0.05,-1.31,-4.71,1,1,174,5
0.04,-1.31,-4.71,1,1,174,5
0.06,-1.32,-4.71,1,1,174,5
0.05,-1.31,-4.69,1,1,174,5
0.04,-1.30,-4.72,1,1,174,5
0.03,-1.32,-4.70,1,1,174,5
0.05,-1.32,-4.72,1,1,175,5
0.05,-1.30,-4.71,1,1,174,5
0.05,-1.32,-4.69,1,1,174,5
0.04,-1.30,-4.70,1,1,175,5
0.04,-1.31,-4.70,1,1,175,5
0.05,-1.32,-4.70,1,1,175,5
0.04,-1.31,-4.71,1,1,174,5
0.04,-1.30,-4.71,1,1,175,5
0.04,-1.31,-4.71,1,1,175,5
0.05,-1.30,-4.74,1,1,174,5
0.03,-1.30,-4.71,1,1,175,5
0.04,-1.31,-4.70,1,1,175,5
0.02,-1.32,-4.70,1,1,174,5
0.06,-1.30,-4.72,1,1,175,5
0.05,-1.28,-4.70,1,1,175,5
0.06,-1.30,-4.75,1,1,175,5
0.04,-1.28,-4.72,1,1,174,5
0.03,-1.31,-4.74,1,1,175,5
0.05,-1.30,-4.72,1,1,174,5
0.02,-1.29,-4.72,1,1,175,5
0.03,-1.30,-4.72,1,1,175,5
0.05,-1.30,-4.71,1,1,175,5
0.03,-1.31,-4.70,1,1,174,5
0.02,-1.28,-4.73,1,1,174,5
0.05,-1.31,-4.71,1,1,175,5
0.04,-1.29,-4.73,1,1,175,5
0.06,-1.31,-4.75,1,1,92,5
0.11,-1.31,-4.80,1,1,9,5
0.11,-1.27,-4.46,1,0,3,5
-0.12,-1.47,-4.94,1,0,3,5
0.01,-1.29,-4.84,1,0,4,5
0.22,-1.32,-4.70,1,0,5,5
0.11,-1.26,-5.07,1,0,4,5
-0.03,-1.25,-4.65,1,0,3,5
-0.02,-1.28,-4.58,1,0,4,5
0.00,-1.28,-4.55,1,0,3,5
0.03,-1.28,-4.81,1,0,3,5
0.05,-1.28,-4.74,1,0,4,5
0.03,-1.26,-4.67,1,0,4,5
0.04,-1.28,-4.75,1,0,4,5
0.05,-1.27,-4.72,1,0,4,5
0.01,-1.27,-4.70,1,0,4,5
0.04,-1.28,-4.75,1,0,4,5
0.06,-1.30,-4.72,1,0,3,5
0.04,-1.29,-4.69,1,0,4,5
0.03,-1.29,-4.70,1,0,3,5
0.06,-1.29,-4.70,1,0,3,5
0.03,-1.29,-4.73,1,0,3,5
0.05,-1.30,-4.73,1,0,3,5
0.03,-1.28,-4.70,1,0,3,5
0.03,-1.30,-4.70,1,0,4,5
0.05,-1.30,-4.72,1,0,3,5
0.05,-1.30,-4.70,1,0,3,5
0.03,-1.30,-4.71,1,0,3,5
0.03,-1.29,-4.68,1,0,3,5
0.06,-1.32,-4.71,1,0,3,5
0.04,-1.29,-4.71,1,0,4,5
0.03,-1.34,-4.91,1,0,3,5
0.03,-1.30,-4.67,1,0,3,5
0.03,-1.31,-4.72,1,0,3,5
0.06,-1.30,-4.68,1,0,4,5
0.03,-1.28,-4.70,1,0,4,5
0.02,-1.31,-4.69,1,0,3,5
0.04,-1.30,-4.72,1,0,3,5
0.03,-1.31,-4.71,1,0,3,5
0.04,-1.31,-4.71,1,0,3,5
0.03,-1.30,-4.73,1,0,3,5
0.03,-1.29,-4.71,1,0,3,5
0.04,-1.28,-4.71,1,0,3,5
0.04,-1.28,-4.70,1,0,4,5
0.02,-1.28,-4.73,1,0,4,5
0.04,-1.30,-4.72,1,0,4,5
0.04,-1.29,-4.73,1,0,3,5
0.02,-1.30,-4.69,1,0,4,5
0.04,-1.27,-4.72,1,0,4,5
0.04,-1.30,-4.71,1,0,3,5
0.04,-1.30,-4.72,1,0,3,5
0.05,-1.31,-4.71,1,0,3,5
0.04,-1.30,-4.69,1,0,3,5
0.04,-1.30,-4.71,1,0,4,5
0.06,-1.31,-4.70,1,0,4,5
0.05,-1.29,-4.70,1,0,4,5
0.02,-1.29,-4.69,1,0,3,5
0.03,-1.29,-4.72,1,0,4,5
0.06,-1.29,-4.72,1,0,3,5
0.02,-1.29,-4.68,1,0,3,5
0.05,-1.30,-4.74,1,0,3,5
-0.00,-1.30,-4.63,1,0,3,5
0.04,-1.28,-4.84,1,0,3,5
-0.05,-1.26,-4.62,1,1,4,5
0.17,-0.69,-5.14,1,1,11,5
-0.04,-1.72,-5.48,1,1,11,5
0.41,-1.29,-5.01,1,1,21,5
0.11,-1.32,-3.86,1,1,29,5
0.05,-1.31,-4.82,1,1,27,5
0.12,-1.27,-4.93,1,1,27,5
0.03,-1.29,-4.61,1,1,34,5
0.07,-1.28,-4.77,1,1,35,5
0.01,-1.27,-4.64,1,1,33,5
0.05,-1.28,-4.75,1,1,32,5
0.04,-1.26,-4.68,1,1,30,5
0.04,-1.28,-4.73,1,1,34,5
0.03,-1.28,-4.72,1,1,30,5
0.04,-1.27,-4.73,1,1,27,5
0.04,-1.28,-4.72,1,1,37,5
0.05,-1.26,-4.72,1,1,44,5
0.05,-1.27,-4.73,1,1,39,5
0.04,-1.29,-4.72,1,1,43,5
0.05,-1.27,-4.70,1,1,46,5
0.02,-1.25,-4.74,1,1,44,5
0.03,-1.28,-4.71,1,1,44,5
0.04,-1.27,-4.72,1,1,35,5
0.03,-1.29,-4.74,1,1,36,5
0.04,-1.28,-4.73,1,1,39,5
0.05,-1.27,-4.73,1,1,45,5
0.05,-1.29,-4.72,1,1,47,5
0.04,-1.29,-4.71,1,1,55,5
0.02,-1.27,-4.75,1,1,49,5
0.03,-1.26,-4.72,1,1,53,5
0.04,-1.26,-4.72,1,1,49,5
0.06,-1.27,-4.73,1,1,47,5
0.03,-1.29,-4.74,1,1,53,5
0.03,-1.27,-4.69,1,1,52,5
0.05,-1.28,-4.73,1,1,59,5
0.05,-1.29,-4.75,1,1,59,5
0.04,-1.29,-4.73,1,1,64,5
0.03,-1.28,-4.70,1,1,68,5
0.04,-1.30,-4.71,1,1,65,5
0.05,-1.28,-4.70,1,1,67,5
0.04,-1.28,-4.72,1,1,63,5
0.04,-1.29,-4.71,1,1,70,5
0.03,-1.28,-4.75,1,1,73,5
0.05,-1.31,-4.70,1,1,77,5
0.05,-1.29,-4.69,1,1,82,5
0.04,-1.31,-4.71,1,1,83,5
0.05,-1.30,-4.72,1,1,84,5
0.05,-1.29,-4.70,1,1,84,5
0.03,-1.29,-4.72,1,1,86,5
0.04,-1.29,-4.71,1,1,91,5
0.04,-1.30,-4.72,1,1,93,5
0.04,-1.28,-4.71,1,1,95,5
0.05,-1.30,-4.73,1,1,97,5
0.05,-1.28,-4.70,1,1,100,5
0.05,-1.30,-4.69,1,1,100,5
0.05,-1.29,-4.71,1,1,99,5
0.05,-1.30,-4.72,1,1,101,5
0.05,-1.30,-4.72,1,1,105,5
0.04,-1.30,-4.72,1,1,104,5
0.05,-1.29,-4.71,1,1,105,5
0.05,-1.29,-4.71,1,1,107,5
0.05,-1.30,-4.71,1,1,110,5
0.04,-1.31,-4.73,1,1,112,5
0.05,-1.28,-4.73,1,1,112,5
0.06,-1.29,-4.72,1,1,113,5
0.03,-1.31,-4.73,1,1,114,5
0.04,-1.32,-4.71,1,1,115,5
0.05,-1.31,-4.72,1,1,116,5
0.03,-1.28,-4.71,1,1,117,5
0.04,-1.30,-4.70,1,1,118,5
0.05,-1.29,-4.72,1,1,120,5
0.05,-1.28,-4.74,1,1,120,5
0.04,-1.28,-4.70,1,1,122,5
0.04,-1.29,-4.71,1,1,124,5
0.05,-1.30,-4.73,1,1,123,5
0.04,-1.28,-4.71,1,1,124,5
0.05,-1.30,-4.70,1,1,124,5
0.03,-1.28,-4.74,1,1,126,5
0.04,-1.29,-4.72,1,1,126,5
0.05,-1.29,-4.70,1,1,127,5
0.04,-1.30,-4.70,1,1,129,5
0.05,-1.30,-4.69,1,1,131,5
0.06,-1.28,-4.70,1,1,132,5
0.05,-1.29,-4.71,1,1,133,5
0.03,-1.29,-4.72,1,1,134,5
0.06,-1.29,-4.72,1,1,133,5
0.04,-1.29,-4.70,1,1,135,5
0.04,-1.30,-4.71,1,1,135,5
0.03,-1.29,-4.73,1,1,135,5
0.06,-1.30,-4.72,1,1,135,5
0.04,-1.29,-4.72,1,1,136,5
0.05,-1.29,-4.73,1,1,137,5
0.04,-1.28,-4.70,1,1,137,5
0.03,-1.29,-4.71,1,1,137,5
0.06,-1.29,-4.73,1,1,137,5
0.01,-1.29,-4.73,1,1,137,5
0.03,-1.29,-4.71,1,1,137,5
0.04,-1.30,-4.72,1,1,137,5
0.03,-1.30,-4.71,1,1,138,5
0.05,-1.29,-4.71,1,1,138,5
0.01,-1.30,-4.72,1,1,138,5
0.02,-1.30,-4.71,1,1,138,5
0.03,-1.30,-4.70,1,1,139,5
0.04,-1.30,-4.72,1,1,139,5
0.03,-1.30,-4.73,1,1,139,5
0.03,-1.29,-4.70,1,1,139,5
0.03,-1.30,-4.73,1,1,139,5
0.05,-1.29,-4.71,1,1,139,5
0.05,-1.29,-4.72,1,1,139,5
0.02,-1.30,-4.71,1,1,140,5
0.04,-1.27,-4.72,1,1,140,5
0.03,-1.27,-4.72,1,1,140,5
0.04,-1.29,-4.73,1,1,140,5
0.03,-1.27,-4.73,1,1,140,5
0.04,-1.30,-4.71,1,1,141,5
0.02,-1.31,-4.70,1,1,141,5
0.05,-1.28,-4.70,1,1,142,5
0.04,-1.28,-4.72,1,1,141,5
0.03,-1.28,-4.69,1,1,141,5
0.04,-1.27,-4.70,1,1,141,5
0.05,-1.27,-4.73,1,1,141,5
0.03,-1.28,-4.73,1,1,141,5
0.04,-1.27,-4.74,1,1,143,5
0.03,-1.30,-4.71,1,1,142,5
0.04,-1.28,-4.73,1,1,142,5
0.03,-1.30,-4.70,1,1,144,5
0.04,-1.30,-4.71,1,1,144,5
0.04,-1.27,-4.73,1,1,144,5
0.02,-1.31,-4.69,1,1,142,5
0.05,-1.28,-4.71,1,1,142,5
0.04,-1.29,-4.71,1,1,143,5
0.02,-1.29,-4.69,1,1,142,5
0.04,-1.29,-4.71,1,1,143,5
0.04,-1.29,-4.71,1,1,142,5
0.04,-1.26,-4.70,1,1,142,5
0.06,-1.30,-4.70,1,1,144,5
0.03,-1.30,-4.70,1,1,142,5
0.04,-1.27,-4.70,1,1,143,5
0.06,-1.28,-4.71,1,1,143,5
0.05,-1.27,-4.72,1,1,144,5
0.04,-1.28,-4.72,1,1,144,5
0.03,-1.30,-4.71,1,1,144,5
0.03,-1.29,-4.70,1,1,144,5
0.04,-1.29,-4.70,1,1,144,5
0.04,-1.30,-4.73,1,1,144,5
0.05,-1.27,-4.72,1,1,144,5
0.04,-1.29,-4.72,1,1,144,5
0.05,-1.30,-4.71,1,1,144,5
0.04,-1.30,-4.72,1,1,144,5
0.03,-1.28,-4.70,1,1,143,5
0.04,-1.29,-4.70,1,1,144,5
0.05,-1.27,-4.70,1,1,144,5
0.05,-1.29,-4.70,1,1,144,5
0.05,-1.29,-4.71,1,1,144,5
0.04,-1.29,-4.71,1,1,144,5
0.04,-1.30,-4.72,1,1,143,5
0.03,-1.29,-4.72,1,1,144,5
0.04,-1.29,-4.72,1,1,144,5
0.03,-1.29,-4.72,1,1,144,5
0.05,-1.30,-4.72,1,1,143,5
0.06,-1.29,-4.70,1,1,143,5
0.04,-1.29,-4.72,1,1,144,5
0.05,-1.28,-4.72,1,1,144,5
0.04,-1.30,-4.72,1,1,143,5
0.03,-1.28,-4.73,1,1,144,5
0.04,-1.28,-4.70,1,1,144,5
0.04,-1.29,-4.73,1,1,144,5
0.03,-1.29,-4.73,1,1,144,5
0.04,-1.31,-4.70,1,1,144,5
0.05,-1.29,-4.72,1,1,144,5
0.04,-1.29,-4.72,1,1,144,5
0.05,-1.30,-4.72,1,1,144,5
0.03,-1.30,-4.72,1,1,144,5
0.05,-1.27,-4.71,1,1,144,5
0.05,-1.30,-4.72,1,1,144,5
0.05,-1.30,-4.73,1,1,144,5
0.05,-1.31,-4.71,1,1,144,5
0.04,-1.29,-4.72,1,1,145,5
0.04,-1.29,-4.71,1,1,144,5
0.02,-1.31,-4.74,1,1,145,5
0.04,-1.29,-4.70,1,1,144,5
0.04,-1.30,-4.69,1,1,144,5
0.04,-1.28,-4.71,1,1,144,5
0.03,-1.29,-4.69,1,1,144,5
0.05,-1.29,-4.73,1,1,144,5
0.02,-1.29,-4.72,1,1,144,5
0.03,-1.27,-4.71,1,1,144,5
0.05,-1.30,-4.71,1,1,144,5
0.03,-1.30,-4.72,1,1,144,5
0.05,-1.29,-4.70,1,1,145,5
0.05,-1.28,-4.73,1,1,145,5
0.04,-1.30,-4.72,1,1,145,5
0.05,-1.29,-4.71,1,1,145,5
0.05,-1.30,-4.69,1,1,145,5
0.04,-1.30,-4.70,1,1,145,5
0.04,-1.28,-4.73,1,1,145,5
0.04,-1.28,-4.71,1,1,144,5
0.03,-1.30,-4.72,1,1,145,5
0.02,-1.29,-4.73,1,1,145,5
0.06,-1.29,-4.72,1,1,145,5
0.04,-1.30,-4.72,1,1,145,5
0.01,-1.30,-4.83,1,1,145,5
0.04,-1.29,-4.64,1,1,145,5
0.05,-1.30,-4.72,1,1,145,5
0.05,-1.28,-4.70,1,1,145,5
0.04,-1.30,-4.73,1,1,146,5
0.04,-1.27,-4.74,1,1,145,5
0.04,-1.29,-4.73,1,1,146,5
0.04,-1.30,-4.72,1,1,145,5
0.04,-1.29,-4.73,1,1,145,5
0.04,-1.28,-4.73,1,1,145,5
0.04,-1.28,-4.74,1,1,145,5
0.03,-1.30,-4.71,1,1,145,5
0.05,-1.28,-4.72,1,1,144,5
0.03,-1.29,-4.72,1,1,145,5
0.06,-1.29,-4.71,1,1,145,5
0.04,-1.29,-4.70,1,1,145,5
0.05,-1.30,-4.73,1,1,146,5
0.02,-1.26,-4.71,1,1,146,5
0.03,-1.26,-4.70,1,1,146,5
0.05,-1.25,-4.72,1,1,146,5
0.04,-1.27,-4.71,1,1,146,5
0.05,-1.28,-4.71,1,1,146,5
0.04,-1.26,-4.72,1,1,145,5
0.03,-1.27,-4.73,1,1,145,5
0.01,-1.28,-4.71,1,1,146,5
0.04,-1.27,-4.73,1,1,146,5
0.04,-1.26,-4.71,1,1,145,5
0.03,-1.26,-4.72,1,1,145,5
0.03,-1.28,-4.71,1,1,145,5
0.04,-1.28,-4.74,1,1,146,5
0.04,-1.28,-4.73,1,1,146,5
0.04,-1.28,-4.71,1,1,144,5
0.05,-1.27,-4.74,1,1,145,5
0.01,-1.27,-4.76,1,1,145,5
0.04,-1.28,-4.70,1,1,145,5
0.04,-1.30,-4.73,1,1,146,5
0.04,-1.27,-4.71,1,1,145,5
0.05,-1.27,-4.73,1,1,145,5
0.06,-1.34,-4.86,1,1,50,5
-0.02,-1.23,-4.78,1,1,4,5
0.20,-1.20,-4.53,1,0,3,5
-0.16,-1.11,-4.31,1,0,3,5
-0.16,-1.41,-4.83,1,0,4,5
0.11,-1.26,-5.26,1,0,3,5
0.04,-1.27,-4.58,1,0,4,5
0.02,-1.28,-4.69,1,0,3,5
-0.01,-1.24,-4.65,1,0,3,5
-0.05,-1.21,-4.66,1,0,3,5
0.05,-1.23,-4.84,1,0,4,5
0.00,-1.24,-4.75,1,0,3,5
0.01,-1.23,-4.66,1,0,3,5
0.02,-1.26,-4.71,1,0,4,5
0.05,-1.24,-4.76,1,0,4,5
0.04,-1.24,-4.71,1,0,4,5
0.02,-1.23,-4.71,1,0,4,5
0.02,-1.24,-4.72,1,0,4,5
0.00,-1.25,-4.69,1,0,4,5
0.02,-1.26,-4.75,1,0,4,5
0.03,-1.24,-4.74,1,0,4,5
0.00,-1.24,-4.65,1,0,4,5
0.03,-1.24,-4.74,1,0,4,5
0.05,-1.24,-4.79,1,0,4,5
0.02,-1.24,-4.67,1,0,4,5
0.00,-1.25,-4.73,1,0,4,5
0.04,-1.24,-4.71,1,0,4,5
0.03,-1.26,-4.74,1,0,4,5
0.02,-1.23,-4.70,1,0,4,5
0.02,-1.26,-4.70,1,0,3,5
0.02,-1.26,-4.75,1,0,4,5
0.02,-1.25,-4.73,1,0,4,5
0.03,-1.26,-4.60,1,0,4,5
0.02,-1.25,-4.71,1,0,4,5
0.03,-1.26,-4.75,1,0,4,5
0.04,-1.27,-4.73,1,0,4,5
0.05,-1.28,-4.72,1,0,3,5
0.02,-1.29,-4.71,1,0,3,5
0.06,-1.25,-4.74,1,0,4,5
0.03,-1.26,-4.71,1,0,3,5
0.05,-1.28,-4.69,1,0,3,5
0.05,-1.26,-4.72,1,0,4,5
0.03,-1.29,-4.72,1,0,4,5
0.05,-1.27,-4.74,1,0,4,5
0.04,-1.28,-4.72,1,0,4,5
0.03,-1.27,-4.69,1,0,4,5
0.06,-1.30,-4.73,1,0,4,5
0.03,-1.29,-4.74,1,0,5,5
0.04,-1.28,-4.71,1,0,4,5
0.03,-1.29,-4.69,1,0,4,5
0.04,-1.29,-4.70,1,0,4,5
0.04,-1.29,-4.73,1,0,4,5
0.03,-1.29,-4.72,1,0,4,5
0.06,-1.30,-4.64,1,0,3,5
0.04,-1.28,-4.71,1,0,3,5
0.04,-1.29,-4.71,1,0,3,5
0.05,-1.30,-4.72,1,0,3,5
0.03,-1.26,-4.73,1,0,4,5
0.04,-1.30,-4.72,1,0,3,5
0.05,-1.29,-4.73,1,0,3,5
0.05,-1.28,-4.72,1,0,3,5
0.03,-1.27,-4.62,1,0,3,5
0.05,-1.28,-4.72,1,0,3,5
0.04,-1.27,-4.70,1,0,3,5
0.03,-1.29,-4.70,1,0,3,5
0.05,-1.29,-4.69,1,0,3,5
0.05,-1.28,-4.65,1,0,4,5
0.05,-1.29,-4.67,1,0,3,5
0.05,-1.28,-4.75,1,0,3,5
0.00,-1.29,-4.64,1,1,3,5
-0.50,-0.67,-4.92,1,1,7,5
-0.28,-1.44,-5.18,1,1,11,5
0.21,-1.30,-5.06,1,1,28,5
-0.06,-1.24,-4.21,1,1,34,5
0.08,-1.30,-4.77,1,1,37,5
0.05,-1.26,-4.63,1,1,39,5
0.03,-1.28,-4.76,1,1,47,5
0.03,-1.33,-4.79,1,1,45,5
0.04,-1.27,-4.65,1,1,45,5
0.05,-1.30,-4.72,1,1,43,5
0.06,-1.29,-4.71,1,1,31,5
0.05,-1.30,-4.70,1,1,40,5
0.03,-1.29,-4.73,1,1,43,5
0.04,-1.30,-4.70,1,1,35,5
0.05,-1.29,-4.73,1,1,38,5
0.05,-1.27,-4.73,1,1,45,5
0.05,-1.28,-4.67,1,1,51,5
0.02,-1.30,-4.75,1,1,35,5
0.06,-1.28,-4.71,1,1,41,5
0.02,-1.30,-4.71,1,1,45,5
0.05,-1.28,-4.70,1,1,36,5
0.03,-1.30,-4.77,1,1,41,5
0.04,-1.28,-4.70,1,1,48,5
0.04,-1.29,-4.75,1,1,43,5
0.04,-1.30,-4.73,1,1,43,5
0.04,-1.30,-4.70,1,1,52,5
0.02,-1.30,-4.77,1,1,42,5
0.04,-1.28,-4.70,1,1,42,5
0.05,-1.28,-4.71,1,1,46,5
0.06,-1.28,-4.73,1,1,41,5
0.05,-1.28,-4.74,1,1,46,5
0.02,-1.27,-4.65,1,1,53,5
0.03,-1.28,-4.73,1,1,42,5
0.03,-1.30,-4.73,1,1,48,5
0.04,-1.29,-4.72,1,1,48,5
0.06,-1.30,-4.73,1,1,48,5
0.02,-1.30,-4.69,1,1,54,5
0.04,-1.28,-4.70,1,1,46,5
0.02,-1.28,-4.69,1,1,51,5
0.03,-1.28,-4.74,1,1,51,5
0.05,-1.30,-4.72,1,1,55,5
0.04,-1.29,-4.70,1,1,57,5
0.03,-1.29,-4.74,1,1,54,5
0.04,-1.28,-4.71,1,1,60,5
0.04,-1.30,-4.70,1,1,56,5
0.06,-1.29,-4.72,1,1,65,5
0.03,-1.29,-4.70,1,1,59,5
0.04,-1.30,-4.74,1,1,67,5
0.04,-1.29,-4.70,1,1,69,5
0.05,-1.30,-4.70,1,1,75,5
0.03,-1.31,-4.71,1,1,73,5
0.04,-1.29,-4.70,1,1,80,5
0.04,-1.29,-4.71,1,1,80,5
0.05,-1.29,-4.67,1,1,86,5
0.03,-1.31,-4.73,1,1,84,5
0.03,-1.30,-4.73,1,1,92,5
0.04,-1.29,-4.71,1,1,92,5
0.03,-1.29,-4.72,1,1,96,5
0.05,-1.29,-4.72,1,1,97,5
0.05,-1.29,-4.70,1,1,100,5
0.05,-1.30,-4.72,1,1,103,5
0.05,-1.31,-4.70,1,1,106,5
0.04,-1.30,-4.73,1,1,107,5
0.03,-1.31,-4.70,1,1,110,5
0.05,-1.29,-4.74,1,1,112,5
0.05,-1.28,-4.72,1,1,113,5
0.05,-1.30,-4.70,1,1,115,5
0.04,-1.29,-4.70,1,1,116,5
0.04,-1.30,-4.70,1,1,117,5
0.04,-1.33,-4.70,1,1,117,5
0.05,-1.28,-4.72,1,1,119,5
0.04,-1.31,-4.70,1,1,121,5
0.04,-1.30,-4.72,1,1,122,5
0.01,-1.29,-4.71,1,1,123,5
0.05,-1.29,-4.70,1,1,124,5
0.03,-1.29,-4.72,1,1,124,5
0.03,-1.31,-4.71,1,1,125,5
0.03,-1.30,-4.71,1,1,125,5
0.03,-1.29,-4.73,1,1,125,5
0.05,-1.29,-4.72,1,1,126,5
0.04,-1.29,-4.73,1,1,126,5
0.04,-1.29,-4.72,1,1,128,5
0.04,-1.28,-4.71,1,1,128,5
0.03,-1.29,-4.73,1,1,129,5
0.04,-1.29,-4.71,1,1,131,5
0.04,-1.28,-4.71,1,1,131,5
0.04,-1.30,-4.71,1,1,131,5
0.02,-1.29,-4.71,1,1,131,5
0.03,-1.30,-4.71,1,1,131,5
0.06,-1.30,-4.72,1,1,132,5
0.03,-1.28,-4.70,1,1,134,5
0.01,-1.29,-4.69,1,1,133,5
0.05,-1.29,-4.70,1,1,132,5
0.05,-1.28,-4.70,1,1,133,5
0.03,-1.24,-4.75,1,1,134,5
0.04,-1.24,-4.74,1,1,134,5
0.03,-1.24,-4.71,1,1,133,5
0.03,-1.24,-4.74,1,1,133,5
0.02,-1.26,-4.71,1,1,133,5
0.02,-1.24,-4.70,1,1,133,5
0.03,-1.26,-4.75,1,1,135,5
0.03,-1.25,-4.72,1,1,134,5
0.04,-1.25,-4.69,1,1,134,5
0.01,-1.24,-4.76,1,1,135,5
0.03,-1.25,-4.73,1,1,134,5
0.03,-1.26,-4.70,1,1,134,5
0.04,-1.26,-4.74,1,1,134,5
0.03,-1.26,-4.70,1,1,135,5
0.04,-1.26,-4.73,1,1,136,5
0.03,-1.26,-4.74,1,1,135,5
0.04,-1.27,-4.74,1,1,135,5
0.04,-1.26,-4.70,1,1,136,5
0.03,-1.27,-4.73,1,1,136,5
0.04,-1.26,-4.70,1,1,136,5
0.06,-1.28,-4.72,1,1,135,5
0.04,-1.26,-4.74,1,1,136,5
0.05,-1.29,-4.72,1,1,136,5
0.05,-1.26,-4.73,1,1,136,5
0.03,-1.25,-4.73,1,1,136,5
0.04,-1.25,-4.73,1,1,137,5
0.02,-1.26,-4.72,1,1,137,5
0.03,-1.26,-4.71,1,1,136,5
0.04,-1.27,-4.72,1,1,137,5
0.02,-1.28,-4.73,1,1,137,5
0.04,-1.29,-4.71,1,1,137,5
0.01,-1.29,-4.70,1,1,137,5
0.04,-1.27,-4.74,1,1,137,5
0.03,-1.30,-4.72,1,1,137,5
0.05,-1.29,-4.72,1,1,137,5
0.05,-1.32,-4.72,1,1,138,5
0.03,-1.29,-4.70,1,1,137,5
0.06,-1.29,-4.71,1,1,137,5
0.06,-1.30,-4.70,1,1,137,5
0.04,-1.28,-4.73,1,1,138,5
0.05,-1.29,-4.72,1,1,137,5
0.03,-1.30,-4.73,1,1,137,5
0.04,-1.27,-4.58,1,1,137,5
0.05,-1.29,-4.73,1,1,136,5
0.05,-1.30,-4.72,1,1,137,5
0.04,-1.28,-4.72,1,1,137,5
0.03,-1.30,-4.71,1,1,137,5
0.05,-1.30,-4.75,1,1,137,5
0.05,-1.28,-4.71,1,1,137,5
0.03,-1.30,-4.71,1,1,137,5
0.03,-1.30,-4.74,1,1,137,5
0.04,-1.28,-4.71,1,1,137,5
0.05,-1.30,-4.73,1,1,137,5
0.03,-1.29,-4.73,1,1,137,5
0.04,-1.28,-4.72,1,1,137,5
0.03,-1.30,-4.72,1,1,138,5
0.05,-1.28,-4.71,1,1,138,5
0.04,-1.29,-4.71,1,1,138,5
0.05,-1.29,-4.72,1,1,138,5
0.04,-1.30,-4.68,1,1,138,5
0.03,-1.33,-4.72,1,1,138,5
0.04,-1.30,-4.71,1,1,138,5
0.05,-1.30,-4.72,1,1,138,5
0.04,-1.31,-4.70,1,1,137,5
0.03,-1.30,-4.71,1,1,137,5
0.04,-1.30,-4.70,1,1,137,5
0.04,-1.28,-4.70,1,1,137,5
0.04,-1.30,-4.71,1,1,138,5
0.04,-1.32,-4.71,1,1,138,5
0.04,-1.30,-4.70,1,1,139,5
0.04,-1.30,-4.71,1,1,138,5
0.04,-1.31,-4.70,1,1,138,5
0.05,-1.30,-4.70,1,1,139,5
0.05,-1.30,-4.70,1,1,138,5
0.04,-1.31,-4.73,1,1,139,5
0.04,-1.31,-4.70,1,1,139,5
0.03,-1.31,-4.70,1,1,139,5
0.05,-1.31,-4.72,1,1,139,5
0.05,-1.31,-4.71,1,1,139,5
0.04,-1.29,-4.70,1,1,139,5
0.04,-1.30,-4.70,1,1,140,5
0.04,-1.30,-4.71,1,1,139,5
0.04,-1.31,-4.74,1,1,140,5
0.05,-1.31,-4.70,1,1,140,5
0.04,-1.30,-4.72,1,1,140,5
0.04,-1.31,-4.71,1,1,140,5
0.02,-1.29,-4.71,1,1,140,5
0.05,-1.33,-4.71,1,1,140,5
0.04,-1.31,-4.66,1,1,140,5
0.05,-1.30,-4.70,1,1,139,5
0.05,-1.30,-4.71,1,1,139,5
0.02,-1.30,-4.71,1,1,139,5
0.05,-1.29,-4.68,1,1,138,5
0.03,-1.29,-4.71,1,1,138,5
0.03,-1.30,-4.70,1,1,139,5
0.06,-1.29,-4.70,1,1,139,5
0.04,-1.30,-4.73,1,1,139,5
0.03,-1.28,-4.69,1,1,139,5
0.05,-1.30,-4.70,1,1,139,5
0.07,-1.30,-4.69,1,1,139,5
0.05,-1.29,-4.71,1,1,140,5
0.05,-1.29,-4.69,1,1,139,5
0.04,-1.31,-4.75,1,1,140,5
0.04,-1.30,-4.71,1,1,140,5
0.04,-1.30,-4.70,1,1,139,5
0.05,-1.28,-4.72,1,1,140,5
0.04,-1.32,-4.70,1,1,140,5
0.03,-1.30,-4.70,1,1,140,5
0.03,-1.31,-4.68,1,1,140,5
0.02,-1.30,-4.72,1,1,140,5
0.03,-1.29,-4.70,1,1,140,5
0.04,-1.32,-4.73,1,1,140,5
0.03,-1.31,-4.72,1,1,140,5
0.04,-1.29,-4.66,1,1,140,5
0.04,-1.30,-4.74,1,1,140,5
0.05,-1.30,-4.71,1,1,138,5
0.04,-1.29,-4.73,1,1,138,5
0.04,-1.30,-4.67,1,1,138,5
0.04,-1.30,-4.70,1,1,139,5
0.04,-1.29,-4.69,1,1,138,5
0.05,-1.26,-4.69,1,1,139,5
0.04,-1.28,-4.73,1,1,139,5
0.04,-1.30,-4.69,1,1,139,5
0.07,-1.28,-4.70,1,1,138,5
0.05,-1.28,-4.68,1,1,139,5
0.06,-1.30,-4.72,1,1,139,5
0.05,-1.29,-4.69,1,1,140,5
0.03,-1.30,-4.71,1,1,140,5
0.04,-1.30,-4.70,1,1,140,5
0.04,-1.31,-4.71,1,1,139,5
0.06,-1.32,-4.71,1,1,140,5
0.05,-1.29,-4.72,1,1,140,5
0.04,-1.31,-4.71,1,1,139,5
0.04,-1.29,-4.70,1,1,140,5
0.05,-1.30,-4.73,1,1,139,5
0.04,-1.30,-4.70,1,1,140,5
0.05,-1.30,-4.71,1,1,139,5
0.04,-1.30,-4.70,1,1,139,5
0.06,-1.29,-4.70,1,1,139,5
0.04,-1.29,-4.71,1,1,139,5
0.03,-1.31,-4.71,1,1,140,5
0.06,-1.29,-4.69,1,1,140,5
0.04,-1.29,-4.70,1,1,140,5
0.06,-1.29,-4.72,1,1,140,5
0.04,-1.29,-4.71,1,1,140,5
0.04,-1.30,-4.71,1,1,140,5
0.04,-1.30,-4.71,1,1,139,5
0.04,-1.29,-4.69,1,1,140,5
0.05,-1.30,-4.69,1,1,140,5
0.04,-1.30,-4.71,1,1,141,5
0.05,-1.30,-4.71,1,1,140,5
0.06,-1.29,-4.70,1,1,140,5
0.03,-1.30,-4.69,1,1,140,5
0.03,-1.30,-4.72,1,1,141,5
0.05,-1.28,-4.72,1,1,140,5
0.05,-1.29,-4.70,1,1,140,5
0.04,-1.30,-4.72,1,1,140,5
0.05,-1.31,-4.70,1,1,140,5
0.06,-1.30,-4.70,1,1,140,5
0.04,-1.31,-4.71,1,1,140,5
0.04,-1.30,-4.71,1,1,141,5
0.04,-1.28,-4.70,1,1,140,5
0.04,-1.31,-4.71,1,1,140,5
0.05,-1.30,-4.70,1,1,141,5
0.05,-1.29,-4.70,1,1,141,5
0.04,-1.29,-4.70,1,1,141,5
0.05,-1.30,-4.70,1,1,141,5
0.05,-1.29,-4.69,1,1,140,5
0.04,-1.30,-4.71,1,1,141,5
0.05,-1.30,-4.70,1,1,141,5
0.05,-1.30,-4.72,1,1,141,5
0.02,-1.30,-4.72,1,1,141,5
0.05,-1.30,-4.74,1,1,141,5
0.04,-1.29,-4.72,1,1,141,5
0.03,-1.30,-4.71,1,1,141,5
0.03,-1.29,-4.69,1,1,141,5
0.04,-1.29,-4.72,1,1,140,5
0.04,-1.30,-4.71,1,1,141,5
0.04,-1.30,-4.72,1,1,142,5
0.03,-1.31,-4.74,1,1,142,5
0.04,-1.31,-4.70,1,1,141,5
0.04,-1.30,-4.71,1,1,141,5
0.04,-1.29,-4.73,1,1,141,5
0.02,-1.29,-4.73,1,1,141,5
0.04,-1.32,-4.71,1,1,141,5
0.04,-1.31,-4.74,1,1,141,5
0.03,-1.30,-4.69,1,1,141,5
0.03,-1.29,-4.72,1,1,141,5
0.04,-1.30,-4.74,1,1,142,5
0.04,-1.30,-4.69,1,1,141,5
0.04,-1.30,-4.72,1,1,142,5
0.04,-1.31,-4.73,1,1,141,5
0.04,-1.30,-4.70,1,1,141,5
0.02,-1.31,-4.72,1,1,142,5
0.05,-1.28,-4.73,1,1,142,5
0.03,-1.29,-4.70,1,1,142,5
0.04,-1.30,-4.68,1,1,142,5
0.02,-1.29,-4.71,1,1,141,5
0.05,-1.29,-4.70,1,1,142,5
0.04,-1.31,-4.71,1,1,143,5
0.04,-1.32,-4.70,1,1,142,5
0.04,-1.31,-4.71,1,1,143,5
0.05,-1.30,-4.72,1,1,141,5
0.05,-1.29,-4.73,1,1,142,5
0.04,-1.30,-4.69,1,1,142,5
0.04,-1.31,-4.72,1,1,143,5
0.04,-1.28,-4.68,1,1,140,5
0.05,-1.30,-4.76,1,1,41,5
0.07,-1.26,-5.07,1,1,3,5
0.70,-1.53,-6.02,1,0,3,5
-0.01,-1.27,-4.61,1,0,3,5
-0.07,-1.24,-4.74,1,0,4,5
0.02,-1.24,-4.82,1,0,4,5
0.03,-1.24,-4.62,1,0,3,5
0.00,-1.23,-4.74,1,0,3,5
0.06,-1.28,-4.69,1,0,3,5
0.05,-1.24,-4.74,1,0,4,5
-0.07,-1.27,-4.23,1,0,3,5
0.02,-1.29,-4.68,1,0,4,5
0.06,-1.29,-4.73,1,0,4,5
0.00,-1.29,-4.68,1,0,4,5
0.03,-1.27,-4.68,1,0,4,5
0.06,-1.29,-4.76,1,0,4,5
0.03,-1.26,-4.71,1,0,4,5
-0.00,-1.25,-4.67,1,0,4,5
0.05,-1.26,-4.78,1,0,4,5
0.05,-1.24,-4.72,1,0,3,5
0.04,-1.26,-4.74,1,0,3,5
0.05,-1.28,-4.71,1,0,3,5
0.03,-1.28,-4.71,1,0,3,5
0.02,-1.28,-4.64,1,0,4,5
0.04,-1.28,-4.75,1,0,4,5
0.06,-1.27,-4.71,1,0,4,5
0.04,-1.30,-4.75,1,0,4,5
0.03,-1.30,-4.71,1,0,3,5
0.03,-1.28,-4.66,1,0,4,5
0.05,-1.30,-4.74,1,0,4,5
-0.03,-1.30,-4.73,1,0,3,5
0.05,-1.28,-4.70,1,0,4,5
0.05,-1.30,-4.73,1,0,4,5
0.04,-1.28,-4.72,1,0,4,5
0.05,-1.32,-4.69,1,0,4,5
0.02,-1.31,-4.65,1,0,4,5
0.04,-1.30,-4.66,1,0,4,5
0.05,-1.31,-4.72,1,0,4,5
0.05,-1.32,-4.69,1,0,3,5
0.04,-1.31,-4.73,1,0,4,5
0.03,-1.31,-4.69,1,0,4,5
0.05,-1.32,-4.70,1,0,4,5
0.04,-1.32,-4.66,1,0,3,5
0.02,-1.30,-4.69,1,0,4,5
0.03,-1.31,-4.70,1,0,4,5
0.04,-1.32,-4.74,1,0,3,5
0.03,-1.29,-4.70,1,0,3,5
0.05,-1.31,-4.71,1,0,4,5
0.03,-1.32,-4.70,1,0,3,5
0.05,-1.33,-4.72,1,0,4,5
0.03,-1.30,-4.70,1,0,4,5
0.04,-1.32,-4.71,1,0,4,5
0.03,-1.31,-4.68,1,0,4,5
0.06,-1.32,-4.70,1,0,4,5
0.07,-1.33,-4.72,1,0,3,5
0.05,-1.33,-4.73,1,0,4,5
0.04,-1.33,-4.70,1,0,3,5
0.06,-1.31,-4.73,1,0,4,5
0.06,-1.33,-4.70,1,0,4,5
0.06,-1.31,-4.75,1,0,4,5
0.02,-1.33,-4.65,1,0,4,5
0.03,-1.33,-4.72,1,0,3,5
0.05,-1.34,-4.71,1,0,4,5
0.05,-1.34,-4.70,1,0,4,5
0.04,-1.32,-4.70,1,0,3,5
0.05,-1.34,-4.72,1,0,4,5
0.04,-1.33,-4.70,1,0,4,5
0.11,-1.38,-4.64,1,0,4,5
0.04,-1.33,-4.72,1,0,3,5
0.04,-1.34,-4.69,1,0,3,5
0.04,-1.35,-4.70,1,0,4,5
0.05,-1.33,-4.70,1,0,3,5
0.05,-1.32,-4.70,1,0,4,5
0.05,-1.33,-4.68,1,0,4,5
0.06,-1.34,-4.72,1,0,4,5
0.06,-1.33,-4.71,1,0,3,5
0.04,-1.31,-4.71,1,0,4,5
0.04,-1.33,-4.70,1,0,3,5
0.03,-1.33,-4.72,1,0,4,5
0.05,-1.33,-4.68,1,0,4,5
0.04,-1.33,-4.73,1,0,4,5
0.04,-1.33,-4.69,1,0,3,5
0.02,-1.32,-4.69,1,0,3,5
0.04,-1.33,-4.63,1,0,3,5
0.04,-1.33,-4.74,1,0,4,5
0.03,-1.34,-4.70,1,0,4,5
0.04,-1.32,-4.73,1,0,4,5
0.04,-1.33,-4.71,1,0,4,5
0.04,-1.31,-4.68,1,0,3,5
0.03,-1.33,-4.70,1,0,4,5
0.02,-1.32,-4.58,1,0,3,5
0.05,-1.33,-4.76,1,0,4,5
0.03,-1.32,-4.69,1,0,3,5
0.04,-1.33,-4.64,1,0,3,5
0.12,-1.37,-4.87,1,0,4,5
-0.71,-1.22,-4.68,1,1,4,5
1.22,-1.75,-3.54,1,1,6,5
0.05,-1.50,-4.56,1,1,8,5
0.07,-1.19,-4.41,1,1,17,5
-0.15,-1.30,-4.55,1,1,21,5
0.12,-1.32,-5.14,1,1,27,5
0.03,-1.29,-4.59,1,1,27,5
0.04,-1.29,-4.76,1,1,35,5
0.03,-1.31,-4.75,1,1,37,5
0.04,-1.30,-4.65,1,1,29,5
0.03,-1.31,-4.72,1,1,43,5
0.03,-1.31,-4.70,1,1,50,5
0.05,-1.30,-4.71,1,1,35,5
0.04,-1.30,-4.75,1,1,31,5
0.04,-1.30,-4.70,1,1,34,5
0.04,-1.31,-4.71,1,1,39,5
0.01,-1.31,-4.73,1,1,39,5
0.05,-1.30,-4.71,1,1,44,5
0.05,-1.30,-4.72,1,1,47,5
0.04,-1.30,-4.71,1,1,37,5
0.05,-1.30,-4.68,1,1,42,5
0.04,-1.31,-4.72,1,1,33,5
0.05,-1.31,-4.71,1,1,32,5
0.05,-1.31,-4.68,1,1,35,5
0.03,-1.31,-4.70,1,1,45,5
0.02,-1.32,-4.70,1,1,47,5
0.03,-1.32,-4.70,1,1,40,5
0.04,-1.30,-4.71,1,1,46,5
0.05,-1.31,-4.70,1,1,39,5
0.05,-1.31,-4.72,1,1,43,5
0.04,-1.31,-4.70,1,1,38,5
0.05,-1.31,-4.71,1,1,43,5
0.05,-1.30,-4.73,1,1,44,5
0.03,-1.32,-4.71,1,1,48,5
0.06,-1.30,-4.71,1,1,48,5
0.06,-1.31,-4.69,1,1,55,5
0.05,-1.30,-4.70,1,1,51,5
0.05,-1.32,-4.70,1,1,49,5
0.02,-1.33,-4.70,1,1,43,5
0.04,-1.32,-4.71,1,1,49,5
0.03,-1.32,-4.71,1,1,53,5
0.06,-1.33,-4.72,1,1,58,5
0.05,-1.33,-4.72,1,1,55,5
0.05,-1.33,-4.72,1,1,64,5
0.03,-1.30,-4.72,1,1,60,5
0.04,-1.33,-4.70,1,1,59,5
0.04,-1.30,-4.69,1,1,61,5
0.06,-1.32,-4.70,1,1,67,5
0.03,-1.31,-4.70,1,1,68,5
0.04,-1.32,-4.70,1,1,71,5
0.05,-1.31,-4.74,1,1,77,5
0.05,-1.30,-4.70,1,1,78,5
0.06,-1.31,-4.70,1,1,74,5
0.05,-1.33,-4.71,1,1,71,5
0.04,-1.30,-4.69,1,1,80,5
0.05,-1.29,-4.69,1,1,82,5
0.03,-1.31,-4.71,1,1,79,5
0.04,-1.32,-4.73,1,1,85,5
0.03,-1.34,-4.73,1,1,88,5
0.03,-1.32,-4.73,1,1,88,5
0.05,-1.33,-4.69,1,1,86,5
0.05,-1.33,-4.71,1,1,90,5
0.05,-1.31,-4.72,1,1,94,5
0.04,-1.32,-4.65,1,1,94,5
0.04,-1.30,-4.73,1,1,98,5
0.05,-1.31,-4.70,1,1,99,5
0.06,-1.31,-4.71,1,1,101,5
0.04,-1.34,-4.70,1,1,100,5
0.06,-1.32,-4.67,1,1,104,5
0.03,-1.31,-4.69,1,1,106,5
0.05,-1.40,-4.33,1,1,105,5
0.01,-1.31,-4.68,1,1,108,5
0.03,-1.33,-4.72,1,1,110,5
0.03,-1.31,-4.69,1,1,113,5
0.05,-1.33,-4.74,1,1,114,5
0.05,-1.32,-4.68,1,1,118,5
0.03,-1.33,-4.70,1,1,117,5
0.06,-1.33,-4.69,1,1,117,5
0.05,-1.31,-4.71,1,1,121,5
0.05,-1.34,-4.70,1,1,122,5
0.04,-1.34,-4.70,1,1,121,5
0.05,-1.34,-4.70,1,1,124,5
0.05,-1.34,-4.72,1,1,125,5
0.05,-1.34,-4.68,1,1,124,5
0.05,-1.33,-4.70,1,1,124,5
0.04,-1.36,-4.72,1,1,129,5
0.04,-1.35,-4.67,1,1,129,5
0.04,-1.35,-4.70,1,1,131,5
0.05,-1.34,-4.70,1,1,134,5
0.06,-1.36,-4.72,1,1,132,5
0.04,-1.36,-4.72,1,1,133,5
0.04,-1.33,-4.70,1,1,133,5
0.04,-1.35,-4.71,1,1,135,5
0.03,-1.35,-4.68,1,1,136,5
0.05,-1.34,-4.71,1,1,137,5
0.05,-1.35,-4.70,1,1,137,5
0.05,-1.34,-4.69,1,1,138,5
0.03,-1.37,-4.69,1,1,138,5
0.05,-1.36,-4.69,1,1,139,5
0.05,-1.35,-4.71,1,1,140,5
0.05,-1.35,-4.70,1,1,139,5
0.03,-1.35,-4.71,1,1,139,5
0.05,-1.33,-4.71,1,1,140,5
0.03,-1.35,-4.70,1,1,140,5
0.03,-1.35,-4.68,1,1,141,5
0.04,-1.33,-4.69,1,1,141,5
0.03,-1.34,-4.74,1,1,142,5
0.05,-1.34,-4.68,1,1,142,5
0.03,-1.35,-4.70,1,1,141,5
0.05,-1.36,-4.72,1,1,143,5
0.03,-1.36,-4.69,1,1,142,5
0.05,-1.35,-4.70,1,1,143,5
0.04,-1.36,-4.70,1,1,144,5
0.05,-1.35,-4.69,1,1,143,5
0.06,-1.36,-4.70,1,1,143,5
0.04,-1.36,-4.69,1,1,144,5
0.03,-1.35,-4.70,1,1,144,5
0.04,-1.34,-4.69,1,1,144,5
0.05,-1.36,-4.69,1,1,144,5
0.04,-1.35,-4.69,1,1,145,5
0.04,-1.36,-4.71,1,1,143,5
0.04,-1.35,-4.70,1,1,145,5
0.04,-1.36,-4.67,1,1,144,5
0.04,-1.36,-4.69,1,1,145,5
0.02,-1.35,-4.69,1,1,145,5
0.04,-1.36,-4.70,1,1,145,5
0.05,-1.36,-4.70,1,1,146,5
0.04,-1.35,-4.70,1,1,145,5
0.02,-1.36,-4.68,1,1,146,5
0.05,-1.36,-4.69,1,1,146,5
0.05,-1.36,-4.70,1,1,146,5
0.06,-1.36,-4.69,1,1,145,5
0.04,-1.36,-4.71,1,1,146,5
0.05,-1.36,-4.70,1,1,146,5
0.05,-1.37,-4.70,1,1,146,5
0.04,-1.36,-4.67,1,1,146,5
0.05,-1.35,-4.70,1,1,146,5
0.03,-1.34,-4.69,1,1,146,5
0.05,-1.36,-4.70,1,1,146,5
0.04,-1.35,-4.72,1,1,146,5
0.04,-1.35,-4.72,1,1,146,5
0.03,-1.34,-4.74,1,1,146,5
0.05,-1.35,-4.71,1,1,147,5
0.03,-1.35,-4.69,1,1,146,5
0.02,-1.34,-4.68,1,1,146,5
0.04,-1.33,-4.70,1,1,147,5
0.04,-1.33,-4.68,1,1,146,5
0.05,-1.33,-4.72,1,1,147,5
0.04,-1.32,-4.69,1,1,147,5
0.04,-1.32,-4.65,1,1,147,5
0.03,-1.32,-4.67,1,1,147,5
0.06,-1.33,-4.71,1,1,147,5
0.03,-1.33,-4.71,1,1,146,5
0.03,-1.31,-4.74,1,1,146,5
0.04,-1.30,-4.70,1,1,146,5
0.04,-1.29,-4.77,1,1,146,5
0.04,-1.32,-4.71,1,1,146,5
0.06,-1.30,-4.70,1,1,144,5
0.03,-1.32,-4.71,1,1,143,5
0.06,-1.30,-4.73,1,1,143,5
0.04,-1.29,-4.71,1,1,144,5
0.05,-1.30,-4.73,1,1,143,5
0.05,-1.31,-4.69,1,1,144,5
0.02,-1.29,-4.72,1,1,144,5
0.04,-1.32,-4.72,1,1,144,5
0.03,-1.30,-4.73,1,1,145,5
0.04,-1.30,-4.72,1,1,145,5
0.04,-1.31,-4.74,1,1,146,5
0.07,-1.30,-4.70,1,1,145,5
0.04,-1.30,-4.71,1,1,145,5
0.04,-1.29,-4.72,1,1,145,5
0.05,-1.30,-4.72,1,1,146,5
0.05,-1.29,-4.70,1,1,145,5
0.02,-1.29,-4.70,1,1,146,5
0.05,-1.30,-4.72,1,1,146,5
0.02,-1.29,-4.70,1,1,146,5
0.03,-1.31,-4.73,1,1,145,5
0.05,-1.29,-4.72,1,1,145,5
0.03,-1.29,-4.71,1,1,145,5
0.03,-1.29,-4.71,1,1,146,5
0.03,-1.29,-4.70,1,1,146,5
0.02,-1.28,-4.70,1,1,146,5
0.04,-1.28,-4.71,1,1,146,5
0.02,-1.27,-4.70,1,1,146,5
0.03,-1.29,-4.73,1,1,146,5
0.05,-1.28,-4.70,1,1,146,5
0.03,-1.28,-4.70,1,1,146,5
0.02,-1.29,-4.70,1,1,146,5
0.04,-1.28,-4.72,1,1,147,5
0.04,-1.28,-4.70,1,1,146,5
0.02,-1.30,-4.73,1,1,147,5
0.05,-1.29,-4.71,1,1,148,5
0.03,-1.28,-4.70,1,1,147,5
0.05,-1.31,-4.69,1,1,148,5
0.04,-1.29,-4.73,1,1,147,5
0.02,-1.30,-4.70,1,1,148,5
0.04,-1.29,-4.73,1,1,148,5
0.05,-1.28,-4.71,1,1,148,5
0.03,-1.30,-4.71,1,1,147,5
0.03,-1.30,-4.70,1,1,147,5
0.05,-1.30,-4.73,1,1,148,5
0.03,-1.29,-4.72,1,1,148,5
0.03,-1.29,-4.69,1,1,148,5
0.04,-1.30,-4.70,1,1,148,5
0.01,-1.30,-4.71,1,1,149,5
0.02,-1.29,-4.70,1,1,149,5
0.05,-1.29,-4.72,1,1,149,5
0.03,-1.30,-4.73,1,1,149,5
0.03,-1.31,-4.70,1,1,149,5
0.06,-1.31,-4.70,1,1,148,5
0.03,-1.29,-4.72,1,1,149,5
0.04,-1.31,-4.68,1,1,149,5
0.05,-1.27,-4.72,1,1,149,5
0.06,-1.30,-4.70,1,1,149,5
0.06,-1.29,-4.70,1,1,149,5
0.06,-1.30,-4.70,1,1,149,5
0.03,-1.30,-4.70,1,1,148,5
0.05,-1.30,-4.71,1,1,148,5
0.06,-1.30,-4.72,1,1,148,5
0.05,-1.29,-4.71,1,1,149,5
0.04,-1.30,-4.71,1,1,150,5
0.05,-1.29,-4.72,1,1,149,5
0.04,-1.29,-4.71,1,1,149,5
0.05,-1.29,-4.70,1,1,149,5
0.05,-1.30,-4.72,1,1,149,5
0.03,-1.32,-4.72,1,1,149,5
0.06,-1.29,-4.69,1,1,149,5
0.05,-1.32,-4.70,1,1,150,5
0.05,-1.30,-4.72,1,1,149,5
0.03,-1.29,-4.70,1,1,149,5
0.04,-1.31,-4.70,1,1,149,5
0.03,-1.32,-4.72,1,1,125,5
0.05,-1.30,-4.69,1,1,100,5
0.04,-1.30,-4.71,1,1,88,5
0.03,-1.30,-4.70,1,1,88,5
0.03,-1.29,-4.72,1,1,38,5
0.02,-1.30,-4.86,1,0,7,5
0.18,-1.24,-4.19,1,0,3,5
0.06,-1.25,-4.58,1,0,4,5
0.02,-1.31,-4.78,1,0,3,5
0.09,-1.30,-4.72,1,0,3,5
0.02,-1.30,-4.75,1,0,4,5
-0.01,-1.29,-4.60,1,0,3,5
0.11,-1.34,-4.71,1,0,4,5
0.04,-1.33,-4.73,1,0,5,5
0.06,-1.33,-4.66,1,0,4,5
-0.14,-1.30,-4.39,1,0,5,5
0.05,-1.31,-4.69,1,0,4,5
0.06,-1.32,-4.72,1,0,4,5
0.06,-1.30,-4.76,1,0,4,5
0.02,-1.31,-4.70,1,0,4,5
0.10,-1.25,-4.74,1,0,4,5
0.03,-1.30,-4.70,1,0,4,5
0.04,-1.32,-4.71,1,0,4,5
0.04,-1.31,-4.74,1,0,4,5
0.03,-1.30,-4.71,1,0,3,5
0.06,-1.31,-4.70,1,0,3,5
0.04,-1.33,-4.70,1,0,3,5
0.04,-1.30,-4.70,1,0,4,5
0.03,-1.31,-4.70,1,0,4,5
0.05,-1.32,-4.70,1,0,4,5
0.04,-1.31,-4.71,1,0,4,5
0.05,-1.31,-4.70,1,0,5,5
0.04,-1.32,-4.72,1,0,4,5
0.06,-1.31,-4.71,1,0,4,5
0.04,-1.33,-4.63,1,0,3,5
0.05,-1.31,-4.72,1,0,4,5
0.03,-1.33,-4.69,1,0,4,5
0.05,-1.32,-4.69,1,0,4,5
0.04,-1.33,-4.70,1,0,4,5
0.04,-1.33,-4.68,1,0,3,5
0.03,-1.31,-4.72,1,0,4,5
0.02,-1.32,-4.72,1,0,4,5
0.02,-1.31,-4.70,1,0,4,5
0.03,-1.30,-4.72,1,0,4,5
0.03,-1.32,-4.73,1,0,4,5
0.02,-1.34,-4.70,1,0,3,5
0.03,-1.33,-4.70,1,0,4,5
0.04,-1.33,-4.70,1,0,4,5
0.07,-1.31,-4.70,1,0,4,5
0.04,-1.32,-4.70,1,0,4,5
0.04,-1.32,-4.70,1,0,4,5
0.04,-1.32,-4.70,1,0,4,5
0.05,-1.30,-4.70,1,0,4,5
0.04,-1.30,-4.71,1,0,4,5
0.05,-1.30,-4.70,1,0,4,5
0.04,-1.31,-4.71,1,0,4,5
0.04,-1.32,-4.70,1,0,4,5
0.05,-1.32,-4.69,1,0,4,5
0.04,-1.32,-4.71,1,0,4,5
0.04,-1.32,-4.70,1,0,4,5
0.05,-1.32,-4.71,1,0,4,5
0.06,-1.34,-4.72,1,0,4,5
0.04,-1.34,-4.72,1,0,4,5
0.03,-1.34,-4.69,1,0,4,5
0.05,-1.33,-4.71,1,0,4,5
0.03,-1.33,-4.71,1,0,4,5
0.05,-1.32,-4.70,1,0,4,5
0.04,-1.32,-4.69,1,0,3,5
0.05,-1.34,-4.69,1,0,4,5
0.05,-1.32,-4.70,1,0,3,5
0.03,-1.32,-4.70,1,0,4,5
0.06,-1.31,-4.71,1,0,4,5
0.05,-1.31,-4.71,1,0,4,5
0.04,-1.33,-4.72,1,0,4,5
0.02,-1.33,-4.68,1,0,4,5
0.12,-1.33,-4.69,1,0,3,5
-0.01,-1.27,-4.67,1,1,4,5
0.03,-1.32,-4.79,1,1,3,5
-1.02,-4.44,-8.08,0,1,4,5
0.88,-1.15,-3.31,1,1,5,5
0.12,-1.49,-4.49,1,1,20,5
0.01,-1.36,-5.12,1,1,37,5
0.05,-1.26,-4.63,1,1,43,5
0.05,-1.31,-4.55,1,1,47,5
0.06,-1.35,-4.82,1,1,53,5
0.05,-1.33,-4.69,1,1,58,5
0.05,-1.35,-4.72,1,1,62,5
0.04,-1.35,-4.74,1,1,61,5
0.03,-1.33,-4.68,1,1,51,5
0.02,-1.31,-4.73,1,1,26,5
0.04,-1.34,-4.72,1,1,38,5
0.04,-1.33,-4.69,1,1,43,5
0.04,-1.34,-4.71,1,1,43,5
0.04,-1.33,-4.68,1,1,35,5
0.05,-1.34,-4.70,1,1,30,5
0.04,-1.33,-4.70,1,1,39,5
0.05,-1.34,-4.69,1,1,31,5
0.05,-1.33,-4.69,1,1,34,5
0.03,-1.34,-4.71,1,1,39,5
0.05,-1.32,-4.70,1,1,45,5
0.03,-1.32,-4.70,1,1,42,5
0.05,-1.34,-4.71,1,1,33,5
0.03,-1.35,-4.71,1,1,34,5
0.05,-1.30,-4.70,1,1,43,5
0.05,-1.33,-4.72,1,1,35,5
0.04,-1.33,-4.70,1,1,38,5
0.04,-1.34,-4.71,1,1,42,5
0.04,-1.33,-4.70,1,1,45,5
0.04,-1.33,-4.71,1,1,36,5
0.03,-1.33,-4.70,1,1,33,5
0.04,-1.33,-4.72,1,1,40,5
0.02,-1.35,-4.70,1,1,38,5
0.06,-1.34,-4.69,1,1,40,5
0.04,-1.33,-4.71,1,1,45,5
0.03,-1.32,-4.70,1,1,49,5
0.04,-1.33,-4.72,1,1,41,5
0.06,-1.31,-4.69,1,1,40,5
0.05,-1.33,-4.69,1,1,46,5
0.04,-1.35,-4.70,1,1,44,5
0.05,-1.33,-4.72,1,1,44,5
0.03,-1.32,-4.69,1,1,52,5
0.03,-1.30,-4.72,1,1,46,5
0.05,-1.33,-4.71,1,1,44,5
0.04,-1.33,-4.69,1,1,50,5
0.04,-1.31,-4.69,1,1,47,5
0.03,-1.33,-4.71,1,1,46,5
0.02,-1.30,-4.71,1,1,49,5
0.04,-1.33,-4.71,1,1,44,5
0.03,-1.33,-4.70,1,1,38,5
0.01,-1.32,-4.67,1,1,42,5
0.03,-1.36,-4.66,1,1,37,5
0.04,-1.33,-4.72,1,1,42,5
0.06,-1.32,-4.76,1,1,39,5
0.03,-1.33,-4.68,1,1,36,5
0.04,-1.33,-4.71,1,1,43,5
0.04,-1.35,-4.69,1,1,43,5
0.05,-1.34,-4.71,1,1,46,5
0.02,-1.35,-4.71,1,1,47,5
0.02,-1.34,-4.66,1,1,47,5
0.05,-1.34,-4.70,1,1,48,5
0.03,-1.33,-4.69,1,1,47,5
0.03,-1.33,-4.68,1,1,49,5
0.04,-1.33,-4.70,1,1,52,5
0.06,-1.34,-4.72,1,1,53,5
0.04,-1.32,-4.68,1,1,56,5
0.04,-1.33,-4.72,1,1,59,5
0.03,-1.30,-4.73,1,1,60,5
0.02,-1.31,-4.69,1,1,56,5
0.04,-1.31,-4.73,1,1,58,5
0.02,-1.30,-4.71,1,1,54,5
0.04,-1.31,-4.69,1,1,58,5
0.03,-1.30,-4.70,1,1,62,5
0.02,-1.32,-4.71,1,1,58,5
0.04,-1.31,-4.70,1,1,62,5
0.06,-1.31,-4.72,1,1,60,5
0.05,-1.30,-4.70,1,1,66,5
0.04,-1.32,-4.72,1,1,70,5
0.03,-1.32,-4.70,1,1,69,5
0.05,-1.31,-4.70,1,1,75,5
0.02,-1.29,-4.71,1,1,72,5
0.04,-1.30,-4.70,1,1,74,5
0.04,-1.30,-4.72,1,1,78,5
0.02,-1.31,-4.73,1,1,77,5
0.05,-1.30,-4.69,1,1,83,5
0.03,-1.31,-4.69,1,1,83,5
0.04,-1.30,-4.70,1,1,87,5
0.05,-1.32,-4.72,1,1,89,5
0.04,-1.30,-4.71,1,1,89,5
0.03,-1.32,-4.70,1,1,94,5
0.05,-1.31,-4.71,1,1,94,5
0.04,-1.32,-4.70,1,1,99,5
0.06,-1.30,-4.69,1,1,98,5
0.04,-1.30,-4.72,1,1,101,5
0.03,-1.31,-4.70,1,1,105,5
0.05,-1.31,-4.69,1,1,104,5
0.05,-1.33,-4.71,1,1,107,5
0.03,-1.30,-4.71,1,1,106,5
0.05,-1.31,-4.70,1,1,110,5
0.05,-1.31,-4.71,1,1,110,5
0.03,-1.32,-4.70,1,1,112,5
0.04,-1.33,-4.71,1,1,114,5
0.03,-1.30,-4.69,1,1,114,5
0.05,-1.31,-4.74,1,1,116,5
0.04,-1.32,-4.70,1,1,117,5
0.06,-1.31,-4.71,1,1,119,5
0.05,-1.32,-4.71,1,1,120,5
0.02,-1.30,-4.71,1,1,122,5
0.05,-1.32,-4.71,1,1,122,5
0.03,-1.31,-4.70,1,1,122,5
0.04,-1.32,-4.71,1,1,123,5
0.04,-1.31,-4.70,1,1,123,5
0.04,-1.31,-4.70,1,1,124,5
0.04,-1.32,-4.70,1,1,124,5
0.03,-1.31,-4.71,1,1,126,5
0.04,-1.32,-4.71,1,1,126,5
0.04,-1.31,-4.71,1,1,126,5
0.04,-1.30,-4.72,1,1,127,5
-0.00,-1.30,-4.65,1,1,131,5
0.05,-1.31,-4.72,1,1,130,5
0.05,-1.33,-4.72,1,1,130,5
0.05,-1.33,-4.69,1,1,131,5
0.06,-1.31,-4.71,1,1,134,5
0.05,-1.32,-4.70,1,1,134,5
0.05,-1.33,-4.70,1,1,134,5
0.06,-1.29,-4.74,1,1,135,5
0.04,-1.32,-4.70,1,1,135,5
0.03,-1.31,-4.71,1,1,136,5
0.04,-1.30,-4.70,1,1,135,5
0.05,-1.32,-4.70,1,1,136,5
0.04,-1.32,-4.72,1,1,136,5
0.03,-1.31,-4.70,1,1,137,5
0.05,-1.32,-4.72,1,1,137,5
0.04,-1.32,-4.71,1,1,137,5
0.02,-1.33,-4.70,1,1,137,5
0.06,-1.32,-4.70,1,1,137,5
0.04,-1.33,-4.71,1,1,137,5
0.05,-1.33,-4.70,1,1,138,5
0.05,-1.33,-4.70,1,1,138,5
0.05,-1.33,-4.71,1,1,138,5
0.06,-1.32,-4.70,1,1,137,5
0.04,-1.34,-4.72,1,1,138,5
0.04,-1.31,-4.70,1,1,138,5
0.06,-1.32,-4.71,1,1,138,5
0.04,-1.32,-4.71,1,1,139,5
0.04,-1.33,-4.69,1,1,139,5
0.04,-1.33,-4.70,1,1,140,5
0.04,-1.32,-4.72,1,1,140,5
0.05,-1.32,-4.70,1,1,141,5
0.03,-1.33,-4.71,1,1,140,5
0.03,-1.32,-4.73,1,1,140,5
0.05,-1.34,-4.68,1,1,140,5
0.05,-1.32,-4.70,1,1,141,5
0.03,-1.32,-4.70,1,1,141,5
0.03,-1.32,-4.70,1,1,141,5
0.06,-1.33,-4.71,1,1,140,5
0.03,-1.34,-4.71,1,1,140,5
0.05,-1.33,-4.72,1,1,141,5
0.04,-1.34,-4.70,1,1,141,5
0.03,-1.31,-4.71,1,1,141,5
0.04,-1.33,-4.70,1,1,141,5
0.05,-1.34,-4.71,1,1,141,5
0.06,-1.33,-4.71,1,1,141,5
0.03,-1.32,-4.71,1,1,141,5
0.06,-1.32,-4.70,1,1,142,5
0.03,-1.34,-4.73,1,1,142,5
0.05,-1.31,-4.66,1,1,141,5
0.04,-1.34,-4.71,1,1,142,5
0.04,-1.33,-4.73,1,1,142,5
0.04,-1.34,-4.68,1,1,142,5
0.05,-1.34,-4.72,1,1,142,5
0.05,-1.32,-4.66,1,1,142,5
0.03,-1.33,-4.70,1,1,143,5
0.04,-1.33,-4.72,1,1,142,5
0.05,-1.33,-4.69,1,1,143,5
0.04,-1.34,-4.70,1,1,143,5
0.04,-1.33,-4.71,1,1,144,5
0.03,-1.33,-4.71,1,1,143,5
0.03,-1.32,-4.70,1,1,143,5
0.04,-1.32,-4.72,1,1,143,5
0.03,-1.35,-4.71,1,1,143,5
0.04,-1.32,-4.69,1,1,143,5
0.06,-1.34,-4.72,1,1,144,5
0.04,-1.32,-4.71,1,1,144,5
0.04,-1.34,-4.71,1,1,143,5
0.04,-1.32,-4.69,1,1,144,5
0.04,-1.33,-4.72,1,1,143,5
0.05,-1.34,-4.69,1,1,144,5
0.04,-1.32,-4.72,1,1,144,5
0.04,-1.33,-4.70,1,1,144,5
0.05,-1.33,-4.70,1,1,144,5
0.03,-1.32,-4.69,1,1,145,5
0.04,-1.34,-4.71,1,1,144,5
0.03,-1.32,-4.72,1,1,144,5
0.04,-1.32,-4.69,1,1,144,5
0.04,-1.30,-4.72,1,1,144,5
0.03,-1.32,-4.69,1,1,144,5
0.04,-1.32,-4.68,1,1,143,5
0.04,-1.32,-4.71,1,1,144,5
0.05,-1.33,-4.71,1,1,143,5
0.03,-1.32,-4.71,1,1,144,5
0.03,-1.32,-4.69,1,1,143,5
0.04,-1.33,-4.71,1,1,144,5
0.02,-1.30,-4.71,1,1,145,5
0.05,-1.32,-4.72,1,1,144,5
0.03,-1.34,-4.70,1,1,144,5
0.03,-1.30,-4.71,1,1,144,5
0.02,-1.32,-4.70,1,1,144,5
0.04,-1.32,-4.72,1,1,144,5
0.02,-1.31,-4.70,1,1,144,5
0.04,-1.30,-4.72,1,1,144,5
0.04,-1.32,-4.72,1,1,144,5
0.02,-1.29,-4.69,1,1,144,5
0.03,-1.31,-4.71,1,1,144,5
0.03,-1.31,-4.70,1,1,144,5
0.04,-1.31,-4.72,1,1,144,5
0.02,-1.33,-4.72,1,1,144,5
0.03,-1.29,-4.70,1,1,144,5
0.04,-1.30,-4.71,1,1,144,5
0.03,-1.30,-4.71,1,1,144,5
0.04,-1.29,-4.69,1,1,144,5
0.04,-1.32,-4.72,1,1,144,5
0.06,-1.31,-4.72,1,1,145,5
0.04,-1.31,-4.69,1,1,144,5
0.03,-1.29,-4.71,1,1,145,5
0.02,-1.31,-4.71,1,1,144,5
0.05,-1.30,-4.75,1,1,145,5
0.03,-1.30,-4.70,1,1,145,5
0.04,-1.30,-4.72,1,1,144,5
0.06,-1.30,-4.73,1,1,143,5
0.02,-1.30,-4.70,1,1,144,5
0.04,-1.30,-4.70,1,1,143,5
0.04,-1.30,-4.71,1,1,143,5
0.03,-1.30,-4.70,1,1,141,5
0.04,-1.32,-4.70,1,1,142,5
0.04,-1.31,-4.70,1,1,140,5
0.03,-1.30,-4.71,1,1,140,5
0.03,-1.31,-4.71,1,1,141,5
0.06,-1.30,-4.71,1,1,142,5
0.04,-1.30,-4.71,1,1,143,5
0.03,-1.32,-4.70,1,1,143,5
0.04,-1.30,-4.71,1,1,143,5
0.05,-1.32,-4.72,1,1,143,5
0.05,-1.31,-4.71,1,1,143,5
0.05,-1.32,-4.72,1,1,144,5
0.04,-1.31,-4.70,1,1,144,5
0.03,-1.32,-4.71,1,1,144,5
0.04,-1.31,-4.70,1,1,145,5
0.04,-1.32,-4.72,1,1,145,5
0.03,-1.30,-4.71,1,1,145,5
0.04,-1.32,-4.70,1,1,145,5
0.03,-1.31,-4.70,1,1,145,5
0.05,-1.33,-4.71,1,1,145,5
0.04,-1.31,-4.70,1,1,145,5
0.05,-1.31,-4.71,1,1,145,5
0.05,-1.31,-4.71,1,1,145,5
0.04,-1.32,-4.73,1,1,145,5
0.04,-1.32,-4.70,1,1,145,5
0.06,-1.32,-4.75,1,1,145,5
0.04,-1.31,-4.69,1,1,145,5
0.03,-1.32,-4.70,1,1,145,5
0.05,-1.33,-4.69,1,1,145,5
0.04,-1.34,-4.70,1,1,146,5
0.04,-1.31,-4.72,1,1,145,5
0.06,-1.32,-4.73,1,1,146,5
0.04,-1.34,-4.71,1,1,145,5
0.05,-1.33,-4.72,1,1,146,5
0.06,-1.32,-4.72,1,1,146,5
0.02,-1.33,-4.69,1,1,147,5
0.03,-1.32,-4.70,1,1,146,5
0.04,-1.32,-4.67,1,1,146,5
0.05,-1.32,-4.71,1,1,145,5
0.05,-1.33,-4.73,1,1,146,5
0.05,-1.32,-4.69,1,1,145,5
0.04,-1.32,-4.72,1,1,146,5
0.05,-1.33,-4.70,1,1,145,5
0.03,-1.34,-4.71,1,1,146,5
0.04,-1.34,-4.73,1,1,146,5
0.04,-1.31,-4.69,1,1,146,5
0.06,-1.32,-4.73,1,1,145,5
0.05,-1.32,-4.69,1,1,147,5
0.03,-1.31,-4.69,1,1,146,5
0.04,-1.32,-4.70,1,1,146,5
0.10,-1.31,-4.79,1,1,21,5
0.02,-1.36,-4.34,1,0,3,5
0.03,-1.32,-4.58,1,0,3,5
-0.06,-1.28,-4.27,1,0,4,5
0.06,-1.33,-4.89,1,0,4,5
0.10,-1.32,-4.77,1,0,4,5
-0.00,-1.30,-4.78,1,0,4,5
0.04,-1.30,-4.73,1,0,3,5
0.04,-1.32,-4.71,1,0,3,5
0.03,-1.31,-4.70,1,0,3,5
0.05,-1.30,-4.70,1,0,3,5
-0.00,-1.30,-4.68,1,0,4,5
0.06,-1.30,-4.75,1,0,4,5
0.03,-1.31,-4.70,1,0,4,5
0.04,-1.34,-4.68,1,0,4,5
0.03,-1.30,-4.71,1,0,4,5
0.02,-1.30,-4.69,1,0,3,5
0.05,-1.31,-4.70,1,0,4,5
0.03,-1.30,-4.66,1,0,4,5
0.06,-1.33,-4.71,1,0,4,5
0.04,-1.31,-4.69,1,0,4,5
0.02,-1.32,-4.72,1,0,4,5
0.04,-1.32,-4.72,1,0,4,5
0.03,-1.31,-4.74,1,0,4,5
0.04,-1.32,-4.69,1,0,4,5
0.04,-1.32,-4.72,1,0,3,5
0.04,-1.33,-4.72,1,0,4,5
0.04,-1.31,-4.69,1,0,4,5
0.04,-1.33,-4.69,1,0,4,5
0.04,-1.31,-4.69,1,0,4,5
0.05,-1.33,-4.71,1,0,4,5
0.02,-1.33,-4.73,1,0,4,5
0.05,-1.34,-4.70,1,0,4,5
0.04,-1.32,-4.72,1,0,4,5
0.03,-1.32,-4.71,1,0,4,5
0.03,-1.31,-4.70,1,0,4,5
0.05,-1.33,-4.70,1,0,4,5
0.04,-1.32,-4.70,1,0,4,5
0.06,-1.34,-4.69,1,0,4,5
0.05,-1.33,-4.69,1,0,4,5
0.04,-1.32,-4.72,1,0,4,5
0.03,-1.35,-4.74,1,0,4,5
0.04,-1.31,-4.70,1,0,4,5
0.03,-1.31,-4.75,1,0,4,5
0.04,-1.31,-4.68,1,0,4,5
0.03,-1.32,-4.69,1,0,4,5
0.04,-1.32,-4.70,1,0,4,5
0.03,-1.32,-4.70,1,0,4,5
0.06,-1.32,-4.72,1,0,4,5
0.07,-1.32,-4.71,1,0,4,5
0.04,-1.32,-4.71,1,0,5,5
0.05,-1.33,-4.71,1,0,5,5
0.03,-1.33,-4.71,1,0,4,5
0.04,-1.33,-4.69,1,0,4,5
0.02,-1.32,-4.70,1,0,4,5
0.04,-1.32,-4.71,1,0,5,5
0.06,-1.31,-4.69,1,0,4,5
0.05,-1.33,-4.70,1,0,4,5
0.04,-1.32,-4.69,1,0,5,5
0.05,-1.31,-4.70,1,0,4,5
0.04,-1.33,-4.70,1,0,4,5
0.04,-1.33,-4.70,1,0,4,5
0.04,-1.32,-4.70,1,0,4,5
0.04,-1.33,-4.70,1,0,4,5
0.05,-1.31,-4.73,1,0,5,5
0.04,-1.33,-4.71,1,0,4,5
0.04,-1.31,-4.71,1,0,4,5
0.05,-1.32,-4.69,1,0,4,5
0.05,-1.32,-4.72,1,0,4,5
0.05,-1.34,-4.70,1,0,4,5
0.05,-1.34,-4.71,1,0,4,5
0.03,-1.33,-4.62,1,0,4,5
-0.03,-1.34,-4.65,1,0,4,5
0.04,-1.33,-4.67,1,1,4,5
0.05,-1.34,-4.70,1,1,4,5
0.06,-1.35,-4.69,1,1,4,5
-0.63,0.83,-3.43,5,1,4,5
-0.44,-1.69,-3.88,1,1,25,5
0.65,-1.23,-7.11,1,1,42,5
0.07,-1.28,-4.66,1,1,46,5
-0.05,-1.32,-4.70,1,1,45,5
0.03,-1.35,-4.80,1,1,34,5
0.09,-1.27,-4.65,1,1,43,5
0.04,-1.31,-4.62,1,1,56,5
0.05,-1.33,-4.75,1,1,50,5
0.05,-1.31,-4.70,1,1,35,5
0.02,-1.31,-4.65,1,1,34,5
0.02,-1.34,-4.67,1,1,44,5
0.03,-1.33,-4.69,1,1,47,5
0.03,-1.33,-4.72,1,1,49,5
0.03,-1.32,-4.71,1,1,54,5
0.03,-1.33,-4.71,1,1,53,5
0.03,-1.32,-4.70,1,1,52,5
0.02,-1.34,-4.72,1,1,52,5
0.02,-1.32,-4.69,1,1,56,5
0.03,-1.32,-4.72,1,1,48,5
0.04,-1.33,-4.71,1,1,34,5
0.04,-1.32,-4.71,1,1,36,5
0.03,-1.34,-4.68,1,1,44,5
0.05,-1.32,-4.70,1,1,53,5
0.04,-1.33,-4.70,1,1,47,5
0.04,-1.35,-4.70,1,1,42,5
0.02,-1.35,-4.68,1,1,42,5
0.03,-1.33,-4.72,1,1,52,5
0.04,-1.32,-4.70,1,1,48,5
0.05,-1.32,-4.69,1,1,46,5
0.02,-1.30,-4.72,1,1,50,5
0.01,-1.34,-4.72,1,1,51,5
0.03,-1.32,-4.69,1,1,48,5
0.03,-1.33,-4.70,1,1,51,5
0.04,-1.32,-4.69,1,1,44,5
0.03,-1.33,-4.70,1,1,47,5
0.03,-1.33,-4.71,1,1,50,5
0.04,-1.32,-4.72,1,1,58,5
0.03,-1.33,-4.71,1,1,47,5
0.05,-1.33,-4.70,1,1,51,5
0.05,-1.34,-4.70,1,1,55,5
0.04,-1.34,-4.69,1,1,60,5
0.05,-1.34,-4.69,1,1,68,5
0.04,-1.33,-4.71,1,1,59,5
0.05,-1.34,-4.71,1,1,55,5
0.05,-1.34,-4.69,1,1,56,5
0.04,-1.34,-4.70,1,1,63,5
0.04,-1.34,-4.69,1,1,64,5
0.04,-1.33,-4.70,1,1,70,5
0.05,-1.33,-4.64,1,1,70,5
0.05,-1.35,-4.73,1,1,70,5
0.04,-1.36,-4.69,1,1,69,5
0.03,-1.34,-4.71,1,1,74,5
0.04,-1.37,-4.71,1,1,74,5
0.03,-1.34,-4.69,1,1,71,5
0.04,-1.35,-4.66,1,1,75,5
0.05,-1.36,-4.69,1,1,82,5
-0.09,-1.32,-4.29,1,1,85,5
0.04,-1.39,-4.68,1,1,84,5
0.04,-1.36,-4.61,1,1,84,5
0.04,-1.39,-4.69,1,1,88,5
0.04,-1.39,-4.69,1,1,94,5
0.04,-1.38,-4.67,1,1,95,5
0.03,-1.37,-4.68,1,1,92,5
0.05,-1.39,-4.67,1,1,91,5
0.05,-1.38,-4.69,1,1,97,5
0.05,-1.40,-4.68,1,1,99,5
0.04,-1.38,-4.69,1,1,100,5
0.04,-1.38,-4.70,1,1,102,5
0.06,-1.40,-4.68,1,1,107,5
0.05,-1.39,-4.70,1,1,111,5
0.06,-1.38,-4.67,1,1,109,5
0.05,-1.38,-4.70,1,1,107,5
0.03,-1.39,-4.69,1,1,109,5
0.04,-1.38,-4.68,1,1,113,5
0.03,-1.38,-4.68,1,1,115,5
0.03,-1.38,-4.71,1,1,117,5
0.07,-1.37,-4.71,1,1,122,5
0.06,-1.39,-4.69,1,1,125,5
0.05,-1.38,-4.69,1,1,125,5
0.06,-1.39,-4.70,1,1,122,5
0.03,-1.37,-4.69,1,1,124,5
0.05,-1.37,-4.68,1,1,126,5
0.07,-1.40,-4.71,1,1,130,5
0.05,-1.38,-4.71,1,1,130,5
0.05,-1.39,-4.67,1,1,133,5
0.04,-1.40,-4.69,1,1,136,5
0.03,-1.41,-4.70,1,1,136,5
0.06,-1.37,-4.67,1,1,137,5
0.05,-1.39,-4.69,1,1,136,5
0.05,-1.37,-4.68,1,1,137,5
0.05,-1.39,-4.68,1,1,140,5
0.05,-1.39,-4.67,1,1,141,5
0.05,-1.39,-4.67,1,1,142,5
0.03,-1.40,-4.70,1,1,144,5
0.04,-1.39,-4.68,1,1,145,5
0.04,-1.40,-4.70,1,1,144,5
0.06,-1.39,-4.68,1,1,144,5
0.06,-1.41,-4.70,1,1,146,5
0.05,-1.40,-4.68,1,1,147,5
0.04,-1.39,-4.69,1,1,148,5
0.04,-1.40,-4.71,1,1,147,5
0.03,-1.39,-4.70,1,1,148,5
0.02,-1.38,-4.67,1,1,148,5
0.05,-1.40,-4.69,1,1,148,5
0.06,-1.41,-4.68,1,1,149,5
0.04,-1.38,-4.69,1,1,149,5
0.04,-1.40,-4.69,1,1,149,5
0.05,-1.39,-4.67,1,1,150,5
0.05,-1.38,-4.67,1,1,153,5
0.03,-1.40,-4.69,1,1,154,5
0.05,-1.40,-4.67,1,1,153,5
0.05,-1.38,-4.68,1,1,152,5
0.05,-1.40,-4.69,1,1,153,5
0.05,-1.40,-4.68,1,1,153,5
0.04,-1.40,-4.65,1,1,153,5
0.05,-1.41,-4.70,1,1,154,5
0.06,-1.42,-4.69,1,1,155,5
0.05,-1.38,-4.68,1,1,155,5
0.04,-1.39,-4.68,1,1,155,5
0.06,-1.43,-4.68,1,1,155,5
0.07,-1.40,-4.64,1,1,155,5
0.06,-1.43,-4.87,1,1,155,5
0.04,-1.42,-4.72,1,1,156,5
0.03,-1.44,-4.68,1,1,155,5
0.06,-1.43,-4.70,1,1,155,5
0.05,-1.43,-4.67,1,1,155,5
0.05,-1.43,-4.64,1,1,155,5
0.05,-1.41,-4.68,1,1,156,5
0.04,-1.44,-4.68,1,1,156,5
0.04,-1.43,-4.65,1,1,156,5
0.06,-1.42,-4.68,1,1,156,5
0.05,-1.41,-4.62,1,1,156,5
0.05,-1.43,-4.68,1,1,156,5
0.04,-1.44,-4.66,1,1,157,5
0.05,-1.42,-4.66,1,1,156,5
0.04,-1.42,-4.68,1,1,157,5
0.04,-1.41,-4.68,1,1,157,5
0.05,-1.44,-4.66,1,1,157,5
0.04,-1.44,-4.67,1,1,157,5
0.03,-1.42,-4.67,1,1,157,5
0.04,-1.44,-4.70,1,1,157,5
0.05,-1.43,-4.69,1,1,157,5
0.05,-1.42,-4.69,1,1,158,5
0.05,-1.41,-4.68,1,1,158,5
0.03,-1.44,-4.68,1,1,158,5
0.05,-1.43,-4.67,1,1,159,5
0.05,-1.45,-4.64,1,1,158,5
0.03,-1.42,-4.69,1,1,160,5
0.05,-1.44,-4.66,1,1,159,5
0.04,-1.40,-4.68,1,1,158,5
0.04,-1.43,-4.66,1,1,159,5
0.06,-1.40,-4.71,1,1,159,5
0.04,-1.41,-4.69,1,1,159,5
0.03,-1.42,-4.64,1,1,160,5
0.03,-1.39,-4.68,1,1,159,5
0.04,-1.40,-4.69,1,1,159,5
0.05,-1.39,-4.68,1,1,158,5
0.05,-1.39,-4.69,1,1,159,5
0.05,-1.36,-4.68,1,1,158,5
0.04,-1.40,-4.70,1,1,159,5
0.05,-1.38,-4.68,1,1,159,5
0.04,-1.36,-4.68,1,1,159,5
0.04,-1.36,-4.67,1,1,159,5
0.05,-1.36,-4.68,1,1,159,5
0.06,-1.36,-4.71,1,1,160,5
0.04,-1.36,-4.69,1,1,159,5
0.02,-1.37,-4.69,1,1,159,5
0.04,-1.36,-4.71,1,1,159,5
0.04,-1.35,-4.70,1,1,159,5
0.03,-1.35,-4.69,1,1,160,5
0.04,-1.34,-4.69,1,1,161,5
0.03,-1.36,-4.69,1,1,160,5
0.05,-1.35,-4.68,1,1,161,5
0.05,-1.33,-4.72,1,1,161,5
0.02,-1.35,-4.70,1,1,161,5
0.02,-1.34,-4.67,1,1,161,5
0.01,-1.35,-4.72,1,1,160,5
0.03,-1.34,-4.68,1,1,161,5
0.04,-1.35,-4.69,1,1,161,5
0.03,-1.33,-4.69,1,1,161,5
0.05,-1.33,-4.73,1,1,161,5
0.05,-1.31,-4.70,1,1,161,5
0.03,-1.33,-4.68,1,1,162,5
0.02,-1.33,-4.71,1,1,161,5
0.06,-1.33,-4.73,1,1,162,5
0.02,-1.30,-4.72,1,1,162,5
0.04,-1.30,-4.74,1,1,162,5
0.02,-1.31,-4.70,1,1,162,5
0.05,-1.31,-4.71,1,1,162,5
0.04,-1.29,-4.72,1,1,163,5
0.02,-1.30,-4.69,1,1,161,5
0.04,-1.30,-4.69,1,1,162,5
0.04,-1.31,-4.70,1,1,163,5
0.04,-1.29,-4.75,1,1,163,5
0.03,-1.29,-4.70,1,1,162,5
0.02,-1.30,-4.73,1,1,163,5
0.02,-1.29,-4.66,1,1,162,5
0.02,-1.32,-4.71,1,1,162,5
0.02,-1.31,-4.75,1,1,162,5
0.02,-1.27,-4.71,1,1,162,5
0.03,-1.26,-4.73,1,1,162,5
0.03,-1.28,-4.69,1,1,162,5
0.04,-1.28,-4.70,1,1,162,5
0.02,-1.28,-4.74,1,1,163,5
0.02,-1.27,-4.72,1,1,163,5
0.02,-1.26,-4.74,1,1,163,5
0.02,-1.28,-4.69,1,1,163,5
0.05,-1.28,-4.78,1,1,163,5
0.03,-1.28,-4.72,1,1,163,5
0.02,-1.26,-4.74,1,1,163,5
0.03,-1.26,-4.74,1,1,163,5
0.01,-1.29,-4.68,1,1,163,5
0.03,-1.26,-4.76,1,1,163,5
0.01,-1.26,-4.71,1,1,163,5
0.02,-1.26,-4.71,1,1,163,5
0.02,-1.26,-4.72,1,1,163,5
0.02,-1.28,-4.69,1,1,163,5
0.00,-1.26,-4.70,1,1,163,5
0.02,-1.25,-4.75,1,1,163,5
0.02,-1.26,-4.72,1,1,164,5
0.02,-1.28,-4.72,1,1,163,5
0.02,-1.26,-4.72,1,1,164,5
0.02,-1.27,-4.70,1,1,164,5
0.04,-1.25,-4.71,1,1,164,5
0.02,-1.26,-4.75,1,1,164,5
0.02,-1.25,-4.71,1,1,164,5
0.02,-1.27,-4.70,1,1,164,5
0.00,-1.26,-4.75,1,1,164,5
-0.00,-1.26,-4.70,1,1,165,5
0.01,-1.27,-4.74,1,1,164,5
0.01,-1.24,-4.75,1,1,164,5
0.03,-1.25,-4.72,1,1,164,5
0.01,-1.25,-4.73,1,1,164,5
0.03,-1.26,-4.74,1,1,164,5
0.01,-1.24,-4.73,1,1,165,5
0.00,-1.25,-4.73,1,1,164,5
0.00,-1.25,-4.75,1,1,164,5
0.01,-1.26,-4.72,1,1,164,5
0.02,-1.26,-4.71,1,1,164,5
0.00,-1.27,-4.74,1,1,164,5
0.03,-1.24,-4.73,1,1,165,5
0.02,-1.25,-4.72,1,1,164,5
0.00,-1.25,-4.74,1,1,164,5
0.02,-1.25,-4.72,1,1,164,5
0.03,-1.29,-4.71,1,1,164,5
0.02,-1.27,-4.74,1,1,164,5
0.02,-1.27,-4.72,1,1,165,5
-0.00,-1.30,-4.90,1,1,165,5
-0.01,-1.26,-4.70,1,1,165,5
0.02,-1.28,-4.70,1,1,165,5
0.01,-1.25,-4.74,1,1,165,5
0.02,-1.25,-4.75,1,1,165,5
0.02,-1.25,-4.74,1,1,165,5
0.01,-1.24,-4.73,1,1,165,5
0.00,-1.23,-4.73,1,1,165,5
0.01,-1.25,-4.71,1,1,165,5
-0.02,-1.25,-4.74,1,1,165,5
0.01,-1.26,-4.73,1,1,165,5
0.01,-1.25,-4.70,1,1,166,5
0.01,-1.27,-4.74,1,1,165,5
0.01,-1.27,-4.72,1,1,165,5
0.02,-1.26,-4.72,1,1,165,5
0.02,-1.25,-4.72,1,1,166,5
0.01,-1.26,-4.70,1,1,165,5
-0.01,-1.25,-4.69,1,1,165,5
0.00,-1.23,-4.77,1,1,166,5
-0.01,-1.25,-4.72,1,1,166,5
0.06,-1.23,-4.50,1,1,9,5
0.02,-1.29,-4.48,1,1,4,5
-0.12,-1.23,-4.74,1,0,3,5
-0.07,-1.23,-4.63,1,0,3,5
0.02,-1.26,-4.70,1,0,3,5
-0.00,-1.23,-4.59,1,0,3,5
0.04,-1.24,-4.85,1,0,3,5
0.00,-1.26,-4.74,1,0,4,5
0.03,-1.23,-4.81,1,0,4,5
0.01,-1.23,-4.61,1,0,3,5
0.03,-1.24,-4.79,1,0,3,5
0.02,-1.29,-4.86,1,0,3,5
0.00,-1.23,-4.77,1,0,3,5
0.01,-1.22,-4.72,1,0,4,5
-0.00,-1.23,-4.65,1,0,3,5
0.00,-1.23,-4.76,1,0,4,5
0.01,-1.24,-4.77,1,0,3,5
0.01,-1.24,-4.69,1,0,3,5
0.01,-1.23,-4.75,1,0,4,5
0.00,-1.21,-4.74,1,0,4,5
0.01,-1.25,-4.72,1,0,4,5
0.02,-1.23,-4.74,1,0,3,5
0.01,-1.24,-4.69,1,0,3,5
0.03,-1.23,-4.74,1,0,3,5
0.02,-1.21,-4.75,1,0,4,5
0.01,-1.24,-4.74,1,0,5,5
0.01,-1.24,-4.76,1,0,4,5
-0.00,-1.24,-4.70,1,0,4,5
-0.00,-1.23,-4.73,1,0,4,5
-0.01,-1.25,-4.74,1,0,4,5
-0.01,-1.22,-4.74,1,0,4,5
0.02,-1.22,-4.74,1,0,4,5
0.01,-1.23,-4.75,1,0,4,5
0.00,-1.22,-4.73,1,0,4,5
0.01,-1.24,-4.73,1,0,4,5
-0.01,-1.22,-4.72,1,0,4,5
0.00,-1.23,-4.75,1,0,3,5
-0.00,-1.23,-4.73,1,0,4,5
-0.00,-1.22,-4.72,1,0,3,5
-0.00,-1.23,-4.76,1,0,4,5
0.00,-1.23,-4.77,1,0,3,5
0.02,-1.24,-4.73,1,0,3,5
0.03,-1.24,-4.79,1,0,4,5
0.06,-1.29,-4.99,1,0,4,5
0.05,-1.25,-4.66,1,1,4,5
-0.02,-1.26,-4.73,1,1,4,5
-0.06,-1.23,-3.41,1,1,33,5
-0.34,-1.37,-5.39,1,1,29,5
-0.06,-1.06,-5.21,1,1,29,5
-0.04,-1.28,-4.47,1,1,43,5
0.02,-1.25,-4.79,1,1,45,5
0.02,-1.21,-4.86,1,1,47,5
-0.02,-1.21,-4.67,1,1,41,5
0.03,-1.23,-4.76,1,1,44,5
-0.01,-1.20,-4.69,1,1,47,5
0.02,-1.22,-4.73,1,1,34,5
0.00,-1.21,-4.73,1,1,33,5
-0.00,-1.22,-4.72,1,1,36,5
0.01,-1.22,-4.76,1,1,45,5
0.00,-1.23,-4.67,1,1,49,5
0.01,-1.22,-4.76,1,1,59,5
0.02,-1.24,-4.73,1,1,60,5
0.01,-1.22,-4.69,1,1,60,5
0.02,-1.24,-4.74,1,1,58,5
0.01,-1.24,-4.72,1,1,52,5
0.01,-1.26,-4.68,1,1,47,5
0.02,-1.26,-4.73,1,1,51,5
0.00,-1.24,-4.75,1,1,51,5
0.03,-1.24,-4.73,1,1,51,5
0.01,-1.25,-4.72,1,1,52,5
0.05,-1.25,-4.70,1,1,53,5
0.02,-1.24,-4.72,1,1,58,5
0.01,-1.24,-4.75,1,1,61,5
0.01,-1.23,-4.75,1,1,63,5
0.02,-1.24,-4.71,1,1,65,5
0.03,-1.25,-4.73,1,1,63,5
0.02,-1.24,-4.71,1,1,59,5
0.02,-1.25,-4.73,1,1,46,5
0.01,-1.23,-4.74,1,1,42,5
0.00,-1.25,-4.71,1,1,36,5
0.01,-1.24,-4.72,1,1,44,5
0.02,-1.23,-4.73,1,1,40,5
0.02,-1.23,-4.70,1,1,43,5
0.02,-1.23,-4.74,1,1,46,5
0.02,-1.23,-4.73,1,1,50,5
0.03,-1.23,-4.70,1,1,52,5
0.01,-1.23,-4.71,1,1,46,5
0.00,-1.23,-4.72,1,1,45,5
0.02,-1.25,-4.70,1,1,37,5
0.02,-1.26,-4.70,1,1,34,5
0.02,-1.23,-4.74,1,1,39,5
0.04,-1.26,-4.73,1,1,47,5
0.03,-1.24,-4.72,1,1,53,5
0.01,-1.22,-4.74,1,1,58,5
0.03,-1.25,-4.70,1,1,59,5
0.02,-1.22,-4.74,1,1,55,5
0.00,-1.26,-4.73,1,1,42,5
0.02,-1.25,-4.71,1,1,35,5
0.02,-1.25,-4.71,1,1,40,5
0.04,-1.27,-4.74,1,1,36,5
0.04,-1.23,-4.73,1,1,42,5
0.02,-1.26,-4.73,1,1,46,5
0.02,-1.23,-4.75,1,1,41,5
0.00,-1.27,-4.66,1,1,39,5
0.02,-1.25,-4.75,1,1,42,5
0.00,-1.24,-4.74,1,1,49,5
0.02,-1.27,-4.70,1,1,47,5
0.03,-1.25,-4.70,1,1,45,5
0.03,-1.27,-4.72,1,1,48,5
0.03,-1.26,-4.70,1,1,41,5
0.01,-1.28,-4.70,1,1,46,5
0.03,-1.25,-4.73,1,1,43,5
0.04,-1.24,-4.74,1,1,47,5
0.03,-1.28,-4.72,1,1,55,5
0.03,-1.24,-4.73,1,1,52,5
0.01,-1.26,-4.69,1,1,50,5
0.01,-1.26,-4.73,1,1,55,5
0.03,-1.26,-4.74,1,1,45,5
0.03,-1.27,-4.72,1,1,46,5
0.03,-1.25,-4.74,1,1,45,5
0.04,-1.25,-4.71,1,1,51,5
0.05,-1.26,-4.70,1,1,54,5
0.03,-1.25,-4.75,1,1,60,5
0.02,-1.26,-4.70,1,1,62,5
0.02,-1.24,-4.73,1,1,63,5
0.04,-1.25,-4.75,1,1,61,5
0.04,-1.22,-4.72,1,1,55,5
0.01,-1.25,-4.74,1,1,57,5
0.02,-1.26,-4.75,1,1,64,5
0.01,-1.23,-4.74,1,1,68,5
0.02,-1.28,-4.75,1,1,71,5
0.04,-1.25,-4.72,1,1,76,5
0.05,-1.26,-4.72,1,1,84,5
0.01,-1.24,-4.74,1,1,81,5
0.01,-1.27,-4.72,1,1,74,5
0.03,-1.27,-4.72,1,1,74,5
0.02,-1.24,-4.73,1,1,78,5
0.04,-1.26,-4.74,1,1,82,5
0.01,-1.26,-4.67,1,1,83,5
0.04,-1.28,-4.71,1,1,91,5
0.04,-1.29,-4.73,1,1,96,5
0.03,-1.29,-4.73,1,1,94,5
0.04,-1.28,-4.70,1,1,91,5
0.03,-1.29,-4.70,1,1,92,5
0.00,-1.28,-4.72,1,1,96,5
0.01,-1.25,-4.68,1,1,102,5
0.02,-1.24,-4.76,1,1,102,5
0.01,-1.24,-4.71,1,1,104,5
0.02,-1.23,-4.73,1,1,108,5
0.03,-1.26,-4.78,1,1,110,5
0.01,-1.26,-4.72,1,1,107,5
0.01,-1.24,-4.73,1,1,109,5
0.03,-1.25,-4.74,1,1,114,5
0.03,-1.23,-4.74,1,1,117,5
0.04,-1.25,-4.76,1,1,117,5
0.02,-1.25,-4.74,1,1,121,5
0.01,-1.25,-4.71,1,1,124,5
0.03,-1.25,-4.75,1,1,124,5
0.03,-1.22,-4.75,1,1,125,5
0.03,-1.25,-4.73,1,1,130,5
0.02,-1.23,-4.74,1,1,134,5
0.01,-1.25,-4.71,1,1,135,5
0.04,-1.24,-4.72,1,1,137,5
0.01,-1.23,-4.73,1,1,138,5
0.03,-1.25,-4.75,1,1,139,5
0.02,-1.25,-4.71,1,1,141,5
0.02,-1.23,-4.73,1,1,142,5
0.03,-1.25,-4.75,1,1,143,5
0.02,-1.24,-4.70,1,1,144,5
0.01,-1.24,-4.73,1,1,145,5
0.02,-1.24,-4.75,1,1,146,5
0.02,-1.24,-4.72,1,1,146,5
0.01,-1.24,-4.72,1,1,147,5
0.03,-1.23,-4.73,1,1,148,5
0.03,-1.22,-4.72,1,1,148,5
0.01,-1.23,-4.72,1,1,149,5
0.03,-1.24,-4.74,1,1,149,5
0.03,-1.24,-4.72,1,1,150,5
0.00,-1.24,-4.74,1,1,149,5
0.04,-1.22,-4.70,1,1,151,5
0.00,-1.23,-4.72,1,1,151,5
0.04,-1.23,-4.72,1,1,153,5
0.02,-1.23,-4.70,1,1,152,5
0.01,-1.23,-4.71,1,1,153,5
0.02,-1.24,-4.74,1,1,154,5
0.02,-1.21,-4.74,1,1,154,5
0.02,-1.22,-4.73,1,1,154,5
0.02,-1.24,-4.72,1,1,154,5
0.02,-1.23,-4.70,1,1,154,5
0.01,-1.24,-4.73,1,1,155,5
0.02,-1.24,-4.73,1,1,155,5
0.01,-1.23,-4.71,1,1,155,5
0.02,-1.22,-4.74,1,1,155,5
0.01,-1.24,-4.73,1,1,155,5
0.01,-1.24,-4.73,1,1,155,5
0.03,-1.23,-4.71,1,1,156,5
0.01,-1.23,-4.72,1,1,156,5
0.03,-1.25,-4.71,1,1,156,5
0.00,-1.24,-4.73,1,1,156,5
0.02,-1.25,-4.72,1,1,155,5
0.02,-1.23,-4.72,1,1,156,5
0.01,-1.22,-4.73,1,1,157,5
0.02,-1.23,-4.72,1,1,156,5
0.03,-1.25,-4.71,1,1,157,5
0.03,-1.24,-4.70,1,1,156,5
0.03,-1.23,-4.70,1,1,157,5
0.03,-1.24,-4.71,1,1,157,5
0.03,-1.24,-4.72,1,1,157,5
0.02,-1.24,-4.70,1,1,158,5
0.03,-1.24,-4.70,1,1,158,5
0.02,-1.24,-4.70,1,1,157,5
0.03,-1.24,-4.71,1,1,157,5
0.02,-1.23,-4.74,1,1,157,5
0.01,-1.25,-4.72,1,1,158,5
0.01,-1.23,-4.72,1,1,157,5
0.03,-1.24,-4.72,1,1,159,5
0.02,-1.23,-4.73,1,1,159,5
0.02,-1.23,-4.72,1,1,159,5
0.04,-1.24,-4.72,1,1,159,5
0.01,-1.25,-4.73,1,1,159,5
0.02,-1.24,-4.73,1,1,159,5
0.01,-1.24,-4.73,1,1,159,5
0.03,-1.22,-4.81,1,1,160,5
0.01,-1.23,-4.71,1,1,159,5
0.02,-1.23,-4.75,1,1,160,5
0.01,-1.23,-4.74,1,1,160,5
0.02,-1.21,-4.72,1,1,160,5
0.03,-1.25,-4.74,1,1,160,5
0.01,-1.23,-4.74,1,1,161,5
0.01,-1.23,-4.74,1,1,161,5
0.02,-1.24,-4.75,1,1,161,5
0.00,-1.23,-4.72,1,1,161,5
0.03,-1.25,-4.75,1,1,161,5
0.02,-1.23,-4.76,1,1,161,5
0.02,-1.22,-4.75,1,1,161,5
0.01,-1.24,-4.73,1,1,161,5
0.02,-1.22,-4.73,1,1,162,5
0.00,-1.23,-4.74,1,1,162,5
0.03,-1.21,-4.75,1,1,161,5
0.01,-1.24,-4.73,1,1,162,5
0.01,-1.23,-4.75,1,1,162,5
0.02,-1.24,-4.73,1,1,162,5
0.02,-1.23,-4.73,1,1,162,5
0.01,-1.21,-4.74,1,1,162,5
0.03,-1.22,-4.72,1,1,162,5
0.00,-1.24,-4.73,1,1,162,5
0.03,-1.23,-4.74,1,1,163,5
0.02,-1.23,-4.74,1,1,162,5
0.01,-1.24,-4.73,1,1,163,5
0.01,-1.25,-4.73,1,1,163,5
0.02,-1.23,-4.74,1,1,163,5
0.01,-1.23,-4.75,1,1,163,5
0.01,-1.23,-4.74,1,1,163,5
0.04,-1.24,-4.73,1,1,163,5
0.03,-1.21,-4.75,1,1,163,5
0.03,-1.22,-4.72,1,1,164,5
0.02,-1.23,-4.72,1,1,163,5
0.02,-1.23,-4.73,1,1,164,5
0.03,-1.24,-4.74,1,1,163,5
0.02,-1.22,-4.73,1,1,163,5
0.00,-1.24,-4.73,1,1,164,5
0.02,-1.23,-4.71,1,1,164,5
0.01,-1.23,-4.73,1,1,164,5
0.01,-1.21,-4.72,1,1,163,5
0.00,-1.24,-4.70,1,1,164,5
0.00,-1.22,-4.72,1,1,164,5
0.00,-1.20,-4.70,1,1,163,5
0.01,-1.22,-4.72,1,1,165,5
0.01,-1.20,-4.75,1,1,163,5
0.01,-1.23,-4.72,1,1,162,5
0.02,-1.22,-4.75,1,1,163,5
0.00,-1.21,-4.74,1,1,161,5
0.01,-1.20,-4.71,1,1,162,5
0.01,-1.21,-4.74,1,1,162,5
-0.03,-1.18,-4.70,1,1,163,5
0.03,-1.21,-4.72,1,1,163,5
0.01,-1.21,-4.73,1,1,163,5
-0.00,-1.20,-4.76,1,1,164,5
0.02,-1.20,-4.76,1,1,163,5
0.00,-1.22,-4.71,1,1,163,5
-0.01,-1.22,-4.70,1,1,164,5
0.01,-1.20,-4.74,1,1,163,5
0.03,-1.19,-4.70,1,1,164,5
-0.00,-1.19,-4.74,1,1,164,5
0.03,-1.22,-4.75,1,1,164,5
0.00,-1.22,-4.73,1,1,165,5
0.02,-1.21,-4.73,1,1,164,5
0.02,-1.21,-4.73,1,1,164,5
0.02,-1.23,-4.73,1,1,165,5
0.02,-1.21,-4.73,1,1,164,5
0.01,-1.22,-4.71,1,1,165,5
0.04,-1.23,-4.73,1,1,165,5
0.00,-1.23,-4.67,1,1,164,5
0.02,-1.23,-4.73,1,1,164,5
0.03,-1.22,-4.72,1,1,165,5
0.02,-1.22,-4.72,1,1,164,5
0.02,-1.22,-4.71,1,1,164,5
0.02,-1.21,-4.72,1,1,165,5
0.00,-1.21,-4.74,1,1,165,5
0.02,-1.21,-4.71,1,1,165,5
0.03,-1.22,-4.73,1,1,166,5
0.02,-1.20,-4.72,1,1,166,5
0.03,-1.23,-4.73,1,1,166,5
0.02,-1.22,-4.71,1,1,166,5
-0.00,-1.21,-4.73,1,1,166,5
-0.00,-1.21,-4.77,1,1,166,5
0.00,-1.22,-4.69,1,1,165,5
0.01,-1.21,-4.76,1,1,165,5
0.02,-1.21,-4.74,1,1,164,5
0.01,-1.21,-4.72,1,1,164,5
