-0.22,-0.95,-4.78,1,1,355,15
-0.19,-0.95,-4.81,1,1,355,15
-0.22,-0.93,-4.75,1,1,355,15
-0.22,-0.95,-4.80,1,1,355,15
-0.21,-0.93,-4.79,1,1,355,15
-0.20,-0.94,-4.79,1,1,355,15
-0.20,-0.94,-4.77,1,1,356,15
-0.21,-0.95,-4.78,1,1,356,15
-0.20,-0.94,-4.76,1,1,355,15
-0.23,-0.95,-4.81,1,1,357,15
-0.19,-0.96,-4.79,1,1,356,15
-0.23,-0.92,-4.77,1,1,356,15
-0.22,-0.94,-4.81,1,1,356,15
-0.21,-0.95,-4.81,1,1,357,15
-0.19,-0.93,-4.77,1,1,357,15
-0.20,-0.93,-4.77,1,1,358,15
-0.19,-0.96,-4.71,1,1,357,15
-0.20,-0.96,-4.73,1,1,359,15
-0.18,-0.94,-4.87,1,1,358,15
-0.22,-0.96,-4.88,1,1,359,15
-0.19,-0.95,-4.82,1,1,359,15
-0.20,-0.95,-4.80,1,1,359,15
-0.18,-0.97,-4.78,1,1,359,15
-0.19,-0.96,-4.83,1,1,359,15
-0.18,-0.97,-4.79,1,1,360,15
-0.19,-0.96,-4.79,1,1,359,15
-0.23,-0.93,-4.76,1,1,360,15
-0.18,-0.96,-4.79,1,1,360,15
-0.17,-0.96,-4.80,1,1,360,15
-0.06,-1.00,-4.77,1,1,361,15
-0.16,-0.98,-4.79,1,1,360,15
-0.35,-1.04,-5.04,1,1,360,15
-0.18,-0.98,-4.76,1,1,360,15
-0.15,-1.00,-4.81,1,1,360,15
-0.17,-1.00,-4.76,1,1,360,15
-0.18,-1.00,-4.77,1,1,361,15
-0.20,-0.99,-4.77,1,1,361,15
-0.19,-1.00,-4.82,1,1,361,15
-0.17,-1.00,-4.74,1,1,361,15
-0.20,-0.99,-4.76,1,1,361,15
-0.15,-0.99,-4.94,1,1,361,15
-0.12,-1.04,-4.89,1,1,361,15
-0.11,-1.02,-4.76,1,1,361,15
-0.18,-1.03,-4.76,1,1,362,15
-0.16,-1.03,-4.72,1,1,362,15
-0.17,-1.02,-4.85,1,1,361,15
-0.16,-1.00,-4.79,1,1,363,15
-0.18,-1.02,-4.81,1,1,362,15
-0.17,-1.02,-4.74,1,1,362,15
-0.19,-0.99,-4.84,1,1,362,15
-0.17,-0.99,-4.78,1,1,362,15
-0.24,-1.11,-4.95,1,1,362,15
-0.19,-1.00,-4.71,1,1,362,15
-0.19,-1.02,-4.87,1,1,362,15
-0.31,-1.00,-4.98,1,1,362,15
-0.19,-1.00,-4.74,1,1,361,15
-0.14,-1.04,-4.99,1,1,363,15
-0.39,-0.92,-4.70,1,1,363,15
-0.13,-1.09,-4.80,1,1,363,15
-0.22,-1.01,-4.83,1,1,363,15
-0.16,-0.94,-4.92,1,1,362,15
-0.30,-0.92,-4.89,1,1,363,15
-0.18,-0.94,-4.72,1,1,362,15
-0.21,-0.97,-4.75,1,1,362,15
-0.22,-0.97,-4.75,1,1,363,15
-0.25,-0.96,-4.79,1,1,363,15
-0.25,-0.96,-4.82,1,1,363,15
-0.24,-0.97,-4.83,1,1,363,15
-0.23,-0.97,-4.81,1,1,363,15
-0.23,-0.98,-4.81,1,1,363,15
-0.22,-0.95,-4.79,1,1,363,15
-0.21,-0.97,-4.78,1,1,364,15
-0.23,-0.98,-4.75,1,1,364,15
-0.22,-0.98,-4.77,1,1,363,15
-0.22,-0.96,-4.81,1,1,363,15
-0.23,-0.97,-4.86,1,1,363,15
-0.22,-0.97,-4.76,1,1,363,15
-0.22,-0.97,-4.78,1,1,364,15
-0.23,-0.97,-4.80,1,1,364,15
-0.24,-0.96,-4.83,1,1,364,15
-0.23,-0.96,-4.81,1,1,365,15
-0.25,-0.96,-4.80,1,1,364,15
-0.25,-0.97,-4.78,1,1,365,15
-0.24,-0.96,-4.76,1,1,365,15
-0.25,-0.94,-4.79,1,1,364,15
-0.27,-0.95,-4.81,1,1,365,15
-0.27,-0.94,-4.77,1,1,364,15
-0.29,-0.93,-4.87,1,1,365,15
-0.24,-0.94,-4.77,1,1,365,15
-0.27,-0.93,-4.80,1,1,365,15
-0.23,-0.95,-4.81,1,1,365,15
-0.28,-0.93,-4.79,1,1,364,15
-0.29,-0.91,-4.82,1,1,365,15
-0.29,-0.91,-4.83,1,1,365,15
-0.31,-0.91,-4.82,1,1,366,15
-0.31,-0.90,-4.78,1,1,365,15
-0.28,-0.85,-5.03,1,1,364,15
-0.27,-0.85,-4.68,1,1,365,15
-0.41,-0.82,-4.88,1,1,364,15
-0.53,-0.81,-4.90,1,1,363,15
-0.45,-0.81,-4.87,1,1,364,15
-0.49,-0.80,-4.90,1,1,364,15
-0.82,-0.74,-5.22,1,1,365,15
-0.36,-0.93,-4.87,1,1,365,15
-0.34,-0.91,-4.88,1,1,365,15
-0.23,-0.94,-4.85,1,1,365,15
-0.33,-0.94,-4.75,1,1,365,15
-0.27,-0.97,-4.75,1,1,365,15
-0.26,-0.96,-4.78,1,1,365,15
-0.29,-0.96,-4.76,1,1,366,15
-0.75,-0.89,-5.74,1,1,365,15
-0.20,-1.01,-4.50,1,1,366,15
0.05,-0.99,-4.87,1,1,365,15
-0.04,-0.97,-4.76,1,1,365,15
-0.37,-0.92,-4.72,1,1,366,15
-0.32,-0.94,-4.70,1,1,366,15
-0.34,-0.91,-4.74,1,1,366,15
-0.33,-0.90,-4.78,1,1,366,15
-0.32,-0.90,-4.77,1,1,366,15
-0.34,-0.89,-4.91,1,1,366,15
-0.31,-0.91,-4.75,1,1,365,15
-0.29,-0.93,-4.78,1,1,367,15
-0.31,-0.92,-4.78,1,1,366,15
-0.30,-0.95,-4.79,1,1,365,15
-0.34,-0.91,-4.85,1,1,366,15
-0.23,-0.97,-4.72,1,1,365,15
-0.30,-0.95,-4.78,1,1,366,15
-0.31,-0.93,-4.87,1,1,367,15
-0.31,-0.95,-4.81,1,1,367,15
-0.28,-0.95,-4.76,1,1,367,15
-0.28,-0.96,-4.79,1,1,367,15
-0.34,-0.97,-4.74,1,1,368,15
-0.29,-0.96,-4.74,1,1,368,15
-0.32,-0.96,-4.76,1,1,366,15
-0.29,-0.95,-4.78,1,1,367,15
-0.28,-0.97,-4.78,1,1,367,15
-0.30,-0.97,-4.81,1,1,367,15
-0.25,-0.96,-4.77,1,1,366,15
-0.28,-0.95,-4.76,1,1,366,15
-0.29,-0.94,-4.83,1,1,368,15
-0.28,-0.95,-4.79,1,1,367,15
-0.29,-0.95,-4.76,1,1,367,15
-0.28,-0.97,-4.75,1,1,367,15
-0.28,-0.96,-4.77,1,1,367,15
-0.31,-0.97,-4.74,1,1,367,15
-0.26,-0.98,-4.78,1,1,368,15
-0.31,-0.96,-4.81,1,1,366,15
-0.28,-0.98,-4.78,1,1,368,15
-0.30,-0.97,-4.79,1,1,367,15
-0.31,-0.96,-4.73,1,1,368,15
-0.28,-0.97,-4.74,1,1,367,15
-0.29,-0.98,-4.79,1,1,368,15
-0.36,-0.97,-4.74,1,1,368,15
-0.31,-0.97,-4.68,1,1,257,15
-0.22,-0.96,-4.84,1,1,28,15
1.41,-1.11,-4.82,7,0,4,15
0.50,-1.22,-4.54,1,0,3,15
-0.02,-0.96,-5.05,1,0,3,15
-0.25,-1.10,-4.87,1,0,4,15
-0.31,-0.99,-4.70,1,0,3,15
-0.28,-1.02,-4.86,1,0,4,15
-0.38,-1.13,-4.89,1,0,4,15
-0.31,-0.98,-4.69,1,0,4,15
-0.31,-1.02,-4.75,1,0,4,15
-0.33,-1.01,-4.74,1,0,4,15
-0.34,-1.02,-4.78,1,0,4,15
-0.33,-1.02,-4.75,1,0,4,15
-0.30,-1.01,-4.83,1,0,4,15
-0.33,-1.00,-4.82,1,0,4,15
-0.31,-0.97,-4.80,1,0,4,15
-0.32,-1.00,-4.81,1,0,4,15
-0.28,-1.00,-4.79,1,0,4,15
-0.32,-0.98,-4.90,1,0,4,15
-0.29,-0.98,-4.95,1,0,3,15
-0.35,-0.98,-4.78,1,0,4,15
-0.36,-0.98,-4.78,1,0,4,15
-0.38,-0.98,-4.79,1,0,4,15
-0.36,-0.97,-4.83,1,0,4,15
-0.38,-0.97,-4.77,1,0,4,15
-0.32,-0.98,-4.92,1,0,4,15
-0.36,-0.95,-4.86,1,0,4,15
-0.34,-0.96,-4.78,1,0,4,15
-0.36,-0.96,-4.78,1,0,5,15
-0.36,-0.94,-4.73,1,0,4,15
-0.43,-0.96,-4.53,1,0,4,15
-0.38,-0.96,-4.76,1,0,4,15
-0.38,-0.94,-4.79,1,0,4,15
-0.40,-0.93,-4.76,1,0,4,15
-0.37,-0.94,-4.73,1,0,4,15
-0.39,-0.94,-4.77,1,0,4,15
-0.31,-0.95,-4.82,1,0,4,15
-0.38,-0.93,-4.74,1,0,4,15
-0.39,-0.95,-4.77,1,0,4,15
-0.34,-0.95,-4.84,1,0,4,15
-0.39,-0.96,-4.72,1,0,4,15
-0.36,-0.96,-4.79,1,0,6,15
-0.38,-0.96,-4.79,1,0,4,15
-0.38,-0.94,-4.80,1,0,5,15
-0.34,-0.95,-4.81,1,0,4,15
-0.34,-0.94,-4.76,1,0,4,15
-0.39,-0.95,-4.73,1,0,4,15
-0.36,-0.96,-4.74,1,0,4,15
-0.35,-0.98,-4.78,1,0,5,15
-0.38,-0.97,-4.78,1,0,5,15
-0.36,-0.96,-4.81,1,0,5,15
-0.37,-0.96,-4.78,1,0,6,15
-0.38,-0.96,-4.81,1,0,5,15
-0.34,-0.96,-4.82,1,0,4,15
-0.37,-0.95,-4.75,1,0,5,15
-0.40,-1.01,-5.18,1,0,5,15
-0.35,-0.96,-4.82,1,0,5,15
-0.33,-0.97,-4.78,1,0,4,15
-0.36,-0.98,-4.81,1,0,5,15
-0.33,-0.98,-4.87,1,0,4,15
-0.33,-0.98,-4.81,1,0,4,15
-0.34,-0.96,-4.78,1,0,4,15
-0.34,-0.96,-4.82,1,0,5,15
-0.31,-0.93,-4.77,1,0,4,15
0.11,1.54,2.73,0,1,4,15
-1.23,-0.63,-4.66,1,1,4,15
-0.04,-0.80,-1.92,1,1,44,15
-0.23,-0.94,-4.82,1,1,114,15
-0.32,-0.91,-4.75,1,1,136,15
-0.41,-1.00,-5.30,1,1,145,15
-0.31,-0.96,-5.18,1,1,157,15
-0.35,-1.01,-4.97,1,1,166,15
-0.40,-0.89,-4.79,1,1,163,15
-0.38,-0.93,-4.51,1,1,163,15
-0.46,-0.89,-4.56,1,1,169,15
-0.42,-0.89,-4.64,1,1,180,15
-0.46,-0.92,-4.75,1,1,176,15
-0.39,-0.91,-4.88,1,1,172,15
-0.41,-0.91,-4.86,1,1,164,15
-0.37,-0.94,-5.13,1,1,155,15
-0.44,-0.91,-4.88,1,1,153,15
-0.40,-0.90,-4.76,1,1,157,15
-0.38,-0.91,-4.77,1,1,163,15
-0.42,-0.90,-4.75,1,1,166,15
-0.41,-0.91,-4.78,1,1,165,15
-0.40,-0.90,-4.84,1,1,166,15
-0.40,-0.92,-4.81,1,1,169,15
-0.40,-0.90,-4.84,1,1,171,15
-0.40,-0.91,-4.79,1,1,176,15
-0.42,-0.88,-4.79,1,1,180,15
-0.41,-0.91,-4.76,1,1,181,15
-0.37,-0.89,-4.81,1,1,172,15
-0.41,-0.91,-4.80,1,1,167,15
-0.29,-0.86,-4.96,1,1,136,15
-0.44,-0.99,-4.85,1,1,100,15
-0.38,-0.88,-4.82,1,1,115,15
-0.41,-0.91,-4.87,1,1,130,15
-0.36,-0.91,-4.89,1,1,144,15
-0.42,-0.93,-4.85,1,1,164,15
-0.38,-0.91,-4.75,1,1,162,15
-0.38,-0.85,-4.72,1,1,136,15
-0.46,-1.03,-4.75,1,1,137,15
-0.30,-0.86,-4.97,1,1,138,15
-0.39,-0.93,-4.75,1,1,154,15
-0.36,-0.93,-4.78,1,1,156,15
-0.40,-0.87,-4.80,1,1,145,15
-0.41,-0.97,-4.79,1,1,167,15
-0.32,-0.87,-4.85,1,1,164,15
-0.39,-0.93,-4.75,1,1,172,15
-0.37,-0.91,-4.80,1,1,174,15
-0.40,-0.94,-4.80,1,1,197,15
-0.36,-0.90,-4.80,1,1,181,15
-0.41,-0.94,-4.81,1,1,186,15
-0.35,-0.92,-4.80,1,1,193,15
-0.43,-0.94,-4.78,1,1,206,15
-0.34,-0.89,-4.80,1,1,204,15
-0.37,-0.94,-4.81,1,1,216,15
-0.40,-0.92,-4.83,1,1,217,15
-0.38,-0.94,-4.75,1,1,224,15
-0.40,-0.92,-4.79,1,1,226,15
-0.39,-0.91,-4.78,1,1,240,15
-0.39,-0.91,-4.77,1,1,236,15
-0.40,-0.93,-4.78,1,1,243,15
-0.40,-0.91,-4.81,1,1,251,15
-0.38,-0.90,-4.81,1,1,258,15
-0.21,-0.93,-5.23,1,1,250,15
-0.38,-0.99,-5.11,1,1,261,15
-0.30,-1.00,-4.82,1,1,265,15
-0.39,-1.03,-4.94,1,1,269,15
-0.26,-1.06,-4.78,1,1,275,15
-0.29,-1.05,-4.78,1,1,284,15
-0.27,-1.08,-4.79,1,1,280,15
-0.25,-1.10,-4.72,1,1,283,15
-0.23,-1.13,-4.70,1,1,291,15
-0.22,-1.16,-4.79,1,1,291,15
-0.20,-1.13,-4.78,1,1,294,15
-0.23,-1.13,-4.78,1,1,299,15
-0.21,-1.14,-4.76,1,1,302,15
-0.23,-1.12,-4.72,1,1,302,15
-0.22,-1.11,-4.76,1,1,309,15
-0.23,-1.14,-4.76,1,1,311,15
-0.23,-1.12,-4.74,1,1,310,15
-0.26,-1.11,-4.76,1,1,315,15
-0.24,-1.11,-4.75,1,1,319,15
-0.24,-1.11,-4.75,1,1,318,15
-0.23,-1.10,-4.74,1,1,320,15
-0.25,-1.10,-4.72,1,1,325,15
-0.21,-1.07,-4.71,1,1,326,15
-0.27,-1.10,-4.74,1,1,326,15
-0.24,-1.10,-4.77,1,1,330,15
-0.24,-1.11,-4.74,1,1,331,15
-0.25,-1.12,-4.76,1,1,333,15
-0.23,-1.10,-4.74,1,1,335,15
-0.23,-1.10,-4.76,1,1,335,15
-0.24,-1.10,-4.74,1,1,337,15
-0.23,-1.10,-4.74,1,1,339,15
-0.22,-1.12,-4.77,1,1,339,15
-0.24,-1.12,-4.78,1,1,342,15
-0.23,-1.11,-4.76,1,1,343,15
-0.29,-1.11,-4.55,1,1,346,15
-0.23,-1.13,-4.83,1,1,345,15
-0.17,-1.14,-4.56,1,1,347,15
-0.21,-1.14,-4.73,1,1,347,15
-0.21,-1.14,-4.76,1,1,348,15
-0.20,-1.17,-4.78,1,1,350,15
-0.11,-1.18,-4.90,1,1,352,15
-0.21,-1.19,-4.72,1,1,351,15
-0.17,-1.18,-4.75,1,1,353,15
-0.17,-1.19,-4.77,1,1,353,15
-0.18,-1.19,-4.75,1,1,351,15
-0.17,-1.18,-4.72,1,1,353,15
-0.18,-1.18,-4.71,1,1,355,15
-0.18,-1.19,-4.77,1,1,354,15
-0.17,-1.19,-4.75,1,1,356,15
-0.17,-1.18,-4.72,1,1,356,15
-0.19,-1.17,-4.75,1,1,357,15
-0.16,-1.20,-4.75,1,1,357,15
-0.17,-1.19,-4.73,1,1,359,15
-0.17,-1.19,-4.73,1,1,359,15
-0.17,-1.19,-4.73,1,1,361,15
-0.18,-1.20,-4.72,1,1,360,15
-0.18,-1.20,-4.73,1,1,362,15
-0.16,-1.21,-4.72,1,1,362,15
-0.19,-1.19,-4.72,1,1,362,15
-0.19,-1.18,-4.74,1,1,363,15
-0.17,-1.19,-4.73,1,1,362,15
-0.19,-1.19,-4.74,1,1,364,15
-0.19,-1.19,-4.75,1,1,363,15
-0.17,-1.19,-4.74,1,1,363,15
-0.17,-1.20,-4.71,1,1,364,15
-0.18,-1.19,-4.75,1,1,364,15
-0.15,-1.19,-4.74,1,1,365,15
-0.18,-1.20,-4.76,1,1,364,15
-0.16,-1.20,-4.73,1,1,367,15
-0.17,-1.21,-4.72,1,1,366,15
-0.19,-1.19,-4.77,1,1,367,15
-0.15,-1.19,-4.74,1,1,368,15
-0.17,-1.18,-4.72,1,1,368,15
-0.18,-1.19,-4.75,1,1,368,15
-0.17,-1.20,-4.74,1,1,368,15
-0.17,-1.19,-4.75,1,1,369,15
-0.17,-1.19,-4.74,1,1,369,15
-0.16,-1.20,-4.75,1,1,369,15
-0.17,-1.20,-4.73,1,1,370,15
-0.20,-1.20,-4.75,1,1,370,15
-0.17,-1.21,-4.73,1,1,370,15
-0.17,-1.17,-4.74,1,1,370,15
-0.15,-1.19,-4.77,1,1,371,15
-0.16,-1.18,-4.74,1,1,370,15
-0.17,-1.20,-4.75,1,1,371,15
-0.18,-1.18,-4.76,1,1,372,15
-0.11,-1.22,-4.73,1,1,371,15
-0.17,-1.22,-4.86,1,1,372,15
-0.17,-1.19,-4.73,1,1,372,15
-0.16,-1.23,-4.76,1,1,372,15
-0.17,-1.19,-4.75,1,1,373,15
-0.19,-1.17,-4.72,1,1,373,15
-0.17,-1.18,-4.73,1,1,373,15
-0.17,-1.20,-4.75,1,1,373,15
-0.17,-1.19,-4.73,1,1,373,15
-0.16,-1.19,-4.72,1,1,374,15
-0.17,-1.17,-4.74,1,1,374,15
-0.18,-1.18,-4.73,1,1,374,15
-0.17,-1.18,-4.72,1,1,375,15
-0.19,-1.18,-4.72,1,1,375,15
-0.18,-1.18,-4.75,1,1,376,15
-0.19,-1.19,-4.75,1,1,376,15
-0.17,-1.19,-4.72,1,1,376,15
-0.18,-1.16,-4.73,1,1,376,15
-0.19,-1.16,-4.74,1,1,377,15
-0.17,-1.16,-4.76,1,1,377,15
-0.20,-1.15,-4.74,1,1,377,15
-0.19,-1.18,-4.77,1,1,378,15
-0.15,-1.16,-4.78,1,1,377,15
-0.12,-1.15,-4.62,1,1,378,15
-0.18,-1.13,-4.78,1,1,378,15
-0.19,-1.15,-4.77,1,1,378,15
-0.20,-1.13,-4.78,1,1,379,15
-0.21,-1.15,-4.75,1,1,378,15
-0.19,-1.13,-4.75,1,1,378,15
-0.20,-1.14,-4.75,1,1,378,15
-0.17,-1.13,-4.88,1,1,379,15
-0.20,-1.12,-4.73,1,1,379,15
-0.22,-1.13,-4.72,1,1,379,15
-0.23,-1.14,-4.75,1,1,379,15
-0.20,-1.12,-4.77,1,1,379,15
-0.19,-1.13,-4.75,1,1,379,15
-0.17,-1.14,-4.76,1,1,379,15
-0.20,-1.14,-4.76,1,1,379,15
-0.22,-1.12,-4.75,1,1,380,15
-0.19,-1.14,-4.70,1,1,379,15
-0.22,-1.14,-4.76,1,1,380,15
-0.19,-1.14,-4.75,1,1,380,15
-0.19,-1.13,-4.74,1,1,380,15
-0.21,-1.14,-4.76,1,1,380,15
-0.19,-1.14,-4.76,1,1,380,15
-0.19,-1.13,-4.74,1,1,380,15
-0.20,-1.14,-4.75,1,1,381,15
-0.21,-1.12,-4.77,1,1,381,15
-0.21,-1.13,-4.77,1,1,381,15
-0.21,-1.14,-4.76,1,1,381,15
-0.20,-1.12,-4.76,1,1,381,15
-0.20,-1.13,-4.75,1,1,382,15
-0.20,-1.13,-4.75,1,1,382,15
-0.22,-1.13,-4.74,1,1,382,15
-0.21,-1.13,-4.73,1,1,382,15
-0.25,-1.11,-4.68,1,1,382,15
-0.19,-1.10,-4.70,1,1,382,15
-0.22,-1.10,-4.75,1,1,382,15
-0.21,-1.10,-4.87,1,1,383,15
-0.27,-1.06,-4.69,1,1,382,15
-0.23,-1.11,-4.76,1,1,383,15
-0.17,-1.08,-4.89,1,1,383,15
-0.20,-1.06,-4.73,1,1,382,15
-0.12,-1.09,-4.69,1,1,385,15
-0.19,-1.06,-4.81,1,1,384,15
-0.27,-1.06,-4.76,1,1,384,15
-0.30,-1.13,-4.88,1,1,384,15
-0.20,-1.11,-4.79,1,1,386,15
-0.15,-1.22,-4.64,1,1,384,15
-0.25,-1.10,-4.75,1,1,384,15
-0.22,-1.09,-4.75,1,1,387,15
-0.22,-1.08,-4.74,1,1,385,15
-0.22,-1.10,-4.78,1,1,387,15
-0.22,-1.09,-4.75,1,1,386,15
-0.25,-1.08,-4.71,1,1,387,15
-0.27,-1.08,-4.76,1,1,387,15
-0.07,-1.13,-4.89,1,1,387,15
-0.23,-1.05,-4.89,1,1,387,15
-0.26,-1.09,-4.72,1,1,387,15
-0.23,-1.05,-4.66,1,1,388,15
-0.28,-0.94,-4.66,1,1,387,15
-0.24,-1.07,-4.80,1,1,387,15
-0.23,-1.05,-4.77,1,1,388,15
-0.31,-1.05,-4.58,1,1,387,15
-0.25,-1.03,-4.85,1,1,387,15
-0.27,-1.04,-4.77,1,1,388,15
-0.26,-1.04,-4.78,1,1,388,15
-0.26,-1.03,-4.81,1,1,388,15
-0.27,-1.04,-4.77,1,1,388,15
-0.29,-1.03,-4.79,1,1,388,15
-0.26,-1.04,-4.77,1,1,389,15
-0.24,-1.04,-4.77,1,1,388,15
-0.34,-1.05,-4.75,1,1,389,15
-0.23,-1.05,-4.81,1,1,388,15
-0.24,-1.04,-4.77,1,1,389,15
-0.25,-1.04,-4.79,1,1,389,15
-0.22,-1.07,-4.75,1,1,389,15
-0.25,-1.08,-4.73,1,1,389,15
-0.23,-1.06,-4.81,1,1,389,15
-0.34,-1.08,-4.74,1,1,389,15
-0.21,-1.09,-4.79,1,1,389,15
-0.22,-1.10,-4.81,1,1,389,15
-0.19,-1.11,-4.75,1,1,390,15
-0.20,-1.09,-4.74,1,1,391,15
-0.22,-1.10,-4.84,1,1,390,15
-0.20,-1.12,-4.75,1,1,390,15
-0.23,-1.11,-4.76,1,1,391,15
-0.21,-1.12,-4.79,1,1,391,15
-0.20,-1.10,-4.75,1,1,389,15
-0.20,-1.11,-4.75,1,1,391,15
-0.20,-1.10,-4.78,1,1,391,15
-0.17,-1.11,-4.75,1,1,391,15
-0.20,-1.11,-4.77,1,1,392,15
-0.20,-1.12,-4.78,1,1,391,15
-0.22,-1.10,-4.77,1,1,392,15
-0.20,-1.06,-4.75,1,1,391,15
-0.22,-1.09,-4.75,1,1,391,15
-0.20,-1.10,-4.78,1,1,392,15
-0.20,-1.09,-4.75,1,1,391,15
-0.20,-1.11,-4.77,1,1,392,15
-0.18,-1.11,-4.74,1,1,391,15
-0.58,-1.03,-4.85,1,1,391,15
-0.17,-1.11,-4.79,1,1,391,15
-0.19,-1.12,-4.75,1,1,392,15
-0.17,-1.12,-4.75,1,1,392,15
-0.20,-1.11,-4.77,1,1,391,15
-0.20,-1.12,-4.77,1,1,391,15
-0.17,-1.12,-4.74,1,1,392,15
-0.20,-1.11,-4.80,1,1,392,15
-0.19,-1.13,-4.76,1,1,392,15
-0.19,-1.10,-4.76,1,1,391,15
-0.19,-1.12,-4.76,1,1,392,15
-0.17,-1.12,-4.79,1,1,392,15
-0.22,-1.12,-4.75,1,1,392,15
-0.18,-1.09,-4.77,1,1,392,15
-0.18,-1.11,-4.75,1,1,392,15
-0.18,-1.11,-4.75,1,1,392,15
-0.18,-1.13,-4.78,1,1,392,15
-0.19,-1.13,-4.77,1,1,392,15
-0.18,-1.13,-4.75,1,1,393,15
-0.18,-1.13,-4.76,1,1,392,15
-0.18,-1.13,-4.74,1,1,392,15
-0.18,-1.11,-4.74,1,1,393,15
-0.19,-1.13,-4.75,1,1,392,15
-0.17,-1.13,-4.75,1,1,393,15
-0.17,-1.10,-4.76,1,1,393,15
-0.19,-1.14,-4.76,1,1,392,15
-0.17,-1.12,-4.75,1,1,393,15
-0.21,-1.12,-4.76,1,1,393,15
-0.20,-1.11,-4.76,1,1,393,15
-0.19,-1.12,-4.74,1,1,393,15
-0.20,-1.13,-4.77,1,1,394,15
-0.19,-1.13,-4.78,1,1,393,15
-0.20,-1.11,-4.75,1,1,394,15
-0.17,-1.10,-4.78,1,1,394,15
-0.20,-1.12,-4.74,1,1,393,15
-0.18,-1.10,-4.75,1,1,394,15
-0.20,-1.10,-4.75,1,1,394,15
-0.19,-1.11,-4.75,1,1,394,15
-0.21,-1.11,-4.73,1,1,393,15
-0.19,-1.13,-4.76,1,1,393,15
-0.19,-1.11,-4.75,1,1,394,15
-0.17,-1.11,-4.75,1,1,394,15
-0.20,-1.11,-4.77,1,1,394,15
-0.20,-1.11,-4.73,1,1,394,15
-0.20,-1.11,-4.75,1,1,394,15
-0.18,-1.11,-4.75,1,1,394,15
-0.21,-1.11,-4.77,1,1,394,15
-0.20,-1.12,-4.75,1,1,394,15
-0.20,-1.11,-4.76,1,1,394,15
-0.20,-1.10,-4.75,1,1,394,15
-0.19,-1.11,-4.78,1,1,394,15
-0.21,-1.11,-4.74,1,1,395,15
-0.21,-1.09,-4.77,1,1,394,15
-0.21,-1.10,-4.77,1,1,395,15
-0.22,-1.09,-4.71,1,1,395,15
-0.22,-1.08,-4.69,1,1,395,15
-0.25,-1.09,-4.67,1,1,395,15
-0.23,-1.10,-4.74,1,1,395,15
-0.19,-1.08,-4.77,1,1,395,15
-0.19,-1.08,-4.82,1,1,395,15
-0.21,-1.08,-4.78,1,1,395,15
-0.21,-1.09,-4.74,1,1,396,15
-0.21,-1.10,-4.76,1,1,396,15
-0.20,-1.07,-4.75,1,1,395,15
-0.21,-1.08,-4.75,1,1,395,15
-0.20,-1.10,-4.79,1,1,395,15
-0.21,-1.09,-4.74,1,1,396,15
-0.21,-1.07,-4.75,1,1,396,15
-0.21,-1.09,-4.75,1,1,396,15
-0.20,-1.07,-4.81,1,1,396,15
-0.22,-1.08,-4.78,1,1,395,15
-0.23,-1.04,-4.77,1,1,377,15
-0.19,-1.44,-4.93,1,1,117,15
-0.58,-0.72,-5.20,1,1,4,15
-0.94,-1.22,-5.10,1,0,3,15
-0.35,-1.19,-4.74,1,0,3,15
-0.15,-1.08,-4.74,1,0,3,15
-0.17,-1.23,-4.62,1,0,3,15
-0.11,-1.11,-4.84,1,0,4,15
-0.17,-1.11,-4.69,1,0,3,15
-0.12,-1.17,-4.74,1,0,4,15
-0.29,-1.08,-4.54,1,0,3,15
-0.18,-1.08,-4.97,1,0,3,15
-0.25,-1.06,-4.93,1,0,3,15
-0.27,-1.02,-4.86,1,0,3,15
-0.41,-0.95,-4.88,1,0,3,15
-0.33,-1.00,-4.68,1,0,3,15
-0.32,-0.98,-4.68,1,0,3,15
-0.32,-0.96,-5.13,1,0,3,15
-0.33,-0.91,-4.77,1,0,4,15
-0.32,-0.89,-4.95,1,0,3,15
-0.38,-0.86,-4.87,1,0,3,15
-0.37,-0.86,-4.85,1,0,3,15
-0.59,-0.86,-4.19,1,0,3,15
-0.39,-0.86,-4.84,1,0,3,15
-0.38,-0.87,-4.78,1,0,3,15
-0.38,-0.84,-4.46,1,0,3,15
-0.39,-0.86,-4.76,1,0,3,15
-0.40,-0.85,-4.80,1,0,3,15
-0.32,-0.86,-4.79,1,0,3,15
-0.38,-0.83,-4.83,1,0,3,15
-0.51,-0.83,-4.70,1,0,3,15
-0.39,-0.79,-4.88,1,0,3,15
-0.41,-0.79,-4.79,1,0,4,15
-0.40,-0.80,-4.80,1,0,3,15
-0.42,-0.81,-4.81,1,0,4,15
-0.43,-0.79,-4.83,1,0,3,15
-0.39,-0.81,-4.90,1,0,3,15
-0.41,-0.79,-4.85,1,0,4,15
-0.40,-0.80,-4.83,1,0,3,15
-0.40,-0.80,-4.86,1,0,3,15
-0.41,-0.78,-4.88,1,0,3,15
-0.41,-0.77,-4.79,1,0,3,15
-0.41,-0.78,-4.75,1,0,4,15
-0.42,-0.79,-4.81,1,0,3,15
-0.39,-0.80,-4.78,1,0,4,15
-0.42,-0.79,-4.82,1,0,4,15
-0.41,-0.82,-4.82,1,0,4,15
-0.41,-0.82,-4.76,1,0,4,15
-0.40,-0.82,-4.86,1,0,4,15
-0.41,-0.82,-4.85,1,0,4,15
-0.41,-0.82,-4.77,1,0,4,15
-0.40,-0.82,-4.80,1,0,4,15
-0.40,-0.83,-4.82,1,0,4,15
-0.40,-0.83,-4.85,1,0,4,15
-0.38,-0.83,-4.86,1,0,4,15
-0.40,-0.85,-4.81,1,0,4,15
-0.43,-0.83,-4.75,1,0,4,15
-0.40,-0.82,-4.74,1,1,4,15
-0.34,-0.82,-4.90,1,1,4,15
-0.44,-0.73,-4.81,1,1,4,15
-0.58,-0.68,-4.78,1,1,4,15
-0.42,-0.75,-4.91,1,1,3,15
1.62,-1.58,-2.17,1,1,3,15
1.10,-0.37,-13.76,1,1,117,15
-0.18,-0.35,-2.73,7,1,128,15
-0.71,-0.81,-5.20,7,1,141,15
-0.44,-0.82,-4.97,7,1,148,15
-0.62,-0.76,-4.60,7,1,143,15
-0.53,-0.70,-4.53,7,1,151,15
-0.45,-0.71,-4.70,7,1,164,15
-0.46,-0.73,-4.77,7,1,168,15
-0.49,-0.77,-4.89,7,1,173,15
-0.45,-0.77,-4.88,7,1,163,15
-0.44,-0.78,-4.97,7,1,154,15
-0.47,-0.79,-4.86,7,1,156,15
-0.51,-0.68,-4.73,7,1,153,15
-0.43,-0.76,-4.85,7,1,155,15
-0.41,-0.71,-4.88,7,1,146,15
-0.60,-0.82,-4.77,7,1,147,15
-0.40,-0.72,-4.82,7,1,118,15
-0.48,-0.77,-4.88,7,1,131,15
-0.48,-0.78,-4.80,7,1,145,15
-0.42,-0.71,-4.82,7,1,155,15
-0.45,-0.75,-4.87,7,1,175,15
-0.52,-0.80,-4.81,7,1,185,15
-0.48,-0.71,-4.78,7,1,167,15
-0.40,-0.78,-4.90,7,1,160,15
-0.51,-0.78,-4.75,7,1,175,15
-0.48,-0.77,-4.88,7,1,187,15
-0.53,-0.77,-4.72,7,1,190,15
-0.45,-0.73,-4.86,7,1,184,15
-0.59,-0.94,-4.92,7,1,199,15
-0.57,-0.85,-4.62,7,1,209,15
-0.41,-1.02,-4.94,7,1,216,15
-0.28,-0.91,-4.83,7,1,209,15
-0.23,-0.95,-4.78,7,1,223,15
-0.44,-1.10,-4.87,7,1,235,15
-0.15,-1.12,-4.93,7,1,236,15
0.04,-1.16,-4.72,7,1,238,15
-0.11,-1.13,-4.79,7,1,252,15
-0.15,-1.17,-4.78,7,1,259,15
-0.03,-1.23,-4.83,7,1,259,15
-0.01,-1.20,-4.82,7,1,268,15
-0.03,-1.22,-4.74,7,1,274,15
-0.02,-1.22,-4.72,7,1,281,15
-0.07,-1.24,-4.64,7,1,277,15
-0.00,-1.24,-4.71,7,1,289,15
-0.02,-1.24,-4.74,7,1,291,15
-0.00,-1.26,-4.68,7,1,295,15
0.04,-1.26,-4.69,7,1,298,15
-0.01,-1.23,-4.73,7,1,303,15
0.00,-1.23,-4.74,7,1,303,15
-0.01,-1.24,-4.73,7,1,308,15
-0.12,-1.20,-4.70,7,1,314,15
-0.01,-1.20,-4.74,7,1,319,15
-0.03,-1.21,-4.73,7,1,319,15
-0.02,-1.22,-4.73,7,1,322,15
-0.04,-1.25,-4.66,7,1,326,15
-0.01,-1.25,-4.69,7,1,326,15
0.01,-1.28,-4.56,7,1,331,15
0.02,-1.26,-4.73,7,1,335,15
0.01,-1.27,-4.73,7,1,339,15
0.01,-1.28,-4.71,7,1,336,15
0.03,-1.29,-4.73,7,1,340,15
0.00,-1.25,-4.71,7,1,340,15
0.01,-1.30,-4.71,7,1,342,15
0.01,-1.28,-4.72,7,1,344,15
0.01,-1.27,-4.70,7,1,347,15
0.01,-1.26,-4.71,7,1,347,15
0.03,-1.28,-4.71,7,1,349,15
0.00,-1.28,-4.70,7,1,353,15
0.02,-1.27,-4.72,7,1,351,15
0.03,-1.29,-4.70,7,1,352,15
0.02,-1.26,-4.72,7,1,356,15
0.01,-1.28,-4.73,7,1,356,15
0.03,-1.27,-4.70,7,1,356,15
0.03,-1.29,-4.71,7,1,359,15
0.01,-1.26,-4.72,7,1,360,15
-0.01,-1.26,-4.76,7,1,360,15
-0.00,-1.28,-4.72,7,1,362,15
0.02,-1.26,-4.73,7,1,363,15
0.03,-1.27,-4.70,7,1,363,15
0.01,-1.26,-4.74,7,1,363,15
0.01,-1.26,-4.73,7,1,365,15
-0.00,-1.25,-4.74,7,1,367,15
-0.00,-1.26,-4.70,7,1,367,15
0.00,-1.24,-4.71,7,1,367,15
0.01,-1.26,-4.74,7,1,368,15
-0.00,-1.25,-4.72,7,1,369,15
0.02,-1.27,-4.71,7,1,368,15
-0.00,-1.26,-4.73,7,1,370,15
-0.01,-1.23,-4.65,7,1,370,15
-0.01,-1.22,-4.71,7,1,369,15
-0.01,-1.22,-4.75,7,1,371,15
-0.00,-1.23,-4.73,7,1,370,15
-0.01,-1.23,-4.72,7,1,371,15
0.01,-1.23,-4.74,7,1,371,15
-0.02,-1.21,-4.57,7,1,372,15
-0.03,-1.21,-4.74,7,1,373,15
-0.02,-1.21,-4.75,7,1,373,15
0.01,-1.23,-4.75,7,1,373,15
-0.02,-1.24,-4.42,7,1,374,15
0.01,-1.25,-4.75,7,1,374,15
-0.01,-1.23,-4.72,7,1,374,15
-0.00,-1.22,-4.73,7,1,374,15
0.01,-1.22,-4.71,7,1,375,15
-0.03,-1.22,-4.63,7,1,376,15
-0.00,-1.21,-4.76,7,1,375,15
0.00,-1.22,-4.72,7,1,375,15
-0.01,-1.22,-4.78,7,1,376,15
-0.01,-1.20,-4.77,7,1,376,15
-0.03,-1.21,-4.75,7,1,377,15
-0.02,-1.23,-4.74,7,1,376,15
-0.00,-1.22,-4.74,7,1,376,15
0.03,-1.22,-4.86,7,1,377,15
-0.07,-1.18,-4.69,7,1,377,15
-0.04,-1.21,-4.74,7,1,378,15
-0.02,-1.19,-4.74,7,1,377,15
-0.03,-1.21,-4.73,7,1,378,15
-0.05,-1.21,-4.71,7,1,378,15
-0.04,-1.18,-4.73,7,1,378,15
-0.02,-1.18,-4.74,7,1,378,15
-0.03,-1.19,-4.74,7,1,379,15
-0.04,-1.19,-4.72,7,1,379,15
-0.03,-1.20,-4.73,7,1,379,15
-0.04,-1.19,-4.75,7,1,379,15
-0.04,-1.19,-4.74,7,1,378,15
-0.02,-1.19,-4.73,7,1,379,15
-0.02,-1.19,-4.75,7,1,379,15
-0.04,-1.18,-4.86,7,1,379,15
-0.02,-1.20,-4.78,7,1,379,15
-0.03,-1.19,-4.76,7,1,380,15
-0.04,-1.18,-4.68,7,1,380,15
0.00,-1.20,-4.75,7,1,380,15
-0.01,-1.21,-4.75,7,1,380,15
-0.02,-1.20,-4.75,7,1,380,15
-0.07,-1.19,-4.71,7,1,381,15
0.03,-1.26,-4.74,7,1,381,15
0.03,-1.27,-4.76,7,1,380,15
0.02,-1.24,-4.74,7,1,381,15
0.02,-1.23,-4.72,7,1,381,15
0.02,-1.26,-4.73,7,1,382,15
0.01,-1.24,-4.72,7,1,381,15
0.02,-1.24,-4.74,7,1,381,15
0.03,-1.25,-4.73,7,1,381,15
0.01,-1.23,-4.73,7,1,382,15
0.04,-1.24,-4.71,7,1,383,15
0.03,-1.25,-4.75,7,1,382,15
0.02,-1.24,-4.75,7,1,382,15
0.03,-1.23,-4.73,7,1,382,15
0.02,-1.23,-4.72,7,1,382,15
0.01,-1.25,-4.74,7,1,382,15
0.02,-1.22,-4.75,7,1,382,15
0.03,-1.23,-4.72,7,1,382,15
0.01,-1.24,-4.72,7,1,384,15
0.02,-1.23,-4.73,7,1,383,15
0.03,-1.25,-4.72,7,1,383,15
0.01,-1.24,-4.74,7,1,386,15
0.01,-1.23,-4.72,7,1,385,15
0.02,-1.24,-4.73,7,1,385,15
0.04,-1.24,-4.75,7,1,386,15
0.02,-1.23,-4.71,7,1,384,15
0.02,-1.24,-4.74,7,1,386,15
0.02,-1.23,-4.72,7,1,383,15
0.01,-1.22,-4.72,7,1,383,15
0.04,-1.22,-4.75,7,1,386,15
0.03,-1.22,-4.73,7,1,385,15
0.02,-1.24,-4.70,7,1,385,15
0.01,-1.22,-4.71,7,1,384,15
0.00,-1.22,-4.72,7,1,383,15
0.01,-1.24,-4.71,7,1,387,15
0.03,-1.23,-4.75,7,1,384,15
0.01,-1.22,-4.73,7,1,385,15
0.02,-1.25,-4.72,7,1,387,15
0.03,-1.24,-4.73,7,1,387,15
-0.02,-1.24,-4.71,7,1,385,15
0.03,-1.23,-4.73,7,1,385,15
0.02,-1.24,-4.74,7,1,387,15
0.11,-1.40,-4.63,7,1,387,15
-0.00,-1.25,-4.76,7,1,387,15
0.01,-1.23,-4.76,7,1,388,15
0.01,-1.24,-4.74,7,1,388,15
0.02,-1.25,-4.70,7,1,388,15
0.02,-1.27,-4.72,7,1,388,15
0.02,-1.26,-4.70,7,1,388,15
0.01,-1.24,-4.72,7,1,388,15
0.01,-1.23,-4.73,7,1,388,15
0.01,-1.23,-4.72,7,1,388,15
0.01,-1.23,-4.70,7,1,389,15
-0.01,-1.20,-4.81,7,1,388,15
-0.01,-1.19,-4.72,7,1,388,15
0.02,-1.18,-4.66,7,1,389,15
0.00,-1.17,-4.80,7,1,388,15
-0.00,-1.18,-4.75,7,1,389,15
-0.03,-1.14,-4.64,7,1,388,15
0.01,-1.16,-4.62,7,1,389,15
-0.06,-1.15,-4.75,7,1,389,15
0.01,-1.17,-4.77,7,1,389,15
0.01,-1.17,-4.72,7,1,389,15
0.02,-1.17,-4.74,7,1,390,15
0.01,-1.17,-4.75,7,1,391,15
0.08,-1.15,-5.13,7,1,390,15
0.04,-1.17,-4.74,7,1,388,15
0.01,-1.16,-4.75,7,1,389,15
0.01,-1.17,-4.73,7,1,390,15
0.03,-1.17,-4.73,7,1,391,15
0.02,-1.18,-4.72,7,1,391,15
0.01,-1.15,-4.76,7,1,391,15
0.01,-1.16,-4.72,7,1,390,15
0.01,-1.16,-4.76,7,1,391,15
0.01,-1.16,-4.75,7,1,389,15
0.01,-1.17,-4.75,7,1,391,15
0.00,-1.18,-4.76,7,1,390,15
0.02,-1.17,-4.74,7,1,391,15
0.03,-1.19,-4.75,7,1,391,15
0.02,-1.17,-4.75,7,1,391,15
0.01,-1.17,-4.73,7,1,391,15
0.02,-1.18,-4.75,7,1,391,15
0.03,-1.18,-4.95,7,1,392,15
0.01,-1.16,-4.75,7,1,391,15
0.01,-1.16,-4.73,7,1,392,15
0.01,-1.17,-4.80,7,1,392,15
0.01,-1.16,-4.72,7,1,391,15
0.03,-1.17,-4.75,7,1,392,15
0.02,-1.16,-4.75,7,1,392,15
0.02,-1.17,-4.75,7,1,392,15
0.02,-1.19,-4.75,7,1,392,15
0.02,-1.17,-4.89,7,1,392,15
0.00,-1.18,-4.75,7,1,391,15
0.00,-1.18,-4.74,7,1,392,15
0.02,-1.18,-4.73,7,1,393,15
0.01,-1.14,-4.71,7,1,392,15
0.02,-1.17,-4.75,7,1,392,15
0.01,-1.16,-4.74,7,1,392,15
0.02,-1.18,-4.74,7,1,392,15
0.02,-1.19,-4.74,7,1,392,15
0.02,-1.17,-4.75,7,1,392,15
0.00,-1.16,-4.73,7,1,392,15
0.05,-1.15,-4.70,7,1,392,15
0.02,-1.16,-4.74,7,1,392,15
0.03,-1.16,-4.80,7,1,392,15
0.02,-1.15,-4.72,7,1,392,15
0.01,-1.18,-4.73,7,1,392,15
0.03,-1.16,-4.76,7,1,392,15
0.02,-1.17,-4.74,7,1,392,15
0.00,-1.15,-4.73,7,1,392,15
0.02,-1.17,-4.79,7,1,377,15
-0.15,-0.94,-4.88,7,1,277,15
-0.24,-1.19,-3.51,7,1,4,15
0.49,-1.19,-4.99,7,0,4,15
-0.17,-1.37,-4.56,5,0,3,15
-0.06,-1.20,-4.33,5,0,3,15
-0.11,-1.19,-4.63,5,0,3,15
0.02,-1.10,-5.04,5,0,4,15
-0.01,-1.17,-4.73,5,0,3,15
-0.11,-1.15,-4.46,5,0,4,15
-0.16,-1.02,-5.24,5,0,4,15
-0.04,-1.00,-4.58,5,0,4,15
-0.11,-1.02,-4.71,5,0,4,15
-0.08,-1.02,-4.79,5,0,4,15
-0.09,-1.01,-4.86,5,0,4,15
-0.06,-1.04,-4.99,5,0,4,15
-0.08,-0.97,-4.95,5,0,4,15
-0.17,-0.99,-4.56,5,0,4,15
-0.21,-0.90,-4.86,5,0,4,15
-0.17,-0.90,-4.74,5,0,4,15
-0.22,-0.87,-4.50,5,0,4,15
-0.25,-0.86,-4.70,5,0,5,15
-0.20,-0.87,-4.76,5,0,4,15
-0.17,-0.83,-4.90,5,0,4,15
-0.11,-0.86,-5.03,5,0,4,15
-0.23,-0.82,-4.85,5,0,4,15
-0.27,-0.80,-4.75,5,0,4,15
-0.25,-0.78,-4.80,5,0,4,15
-0.27,-0.80,-4.70,5,0,4,15
-0.24,-0.78,-4.84,5,0,4,15
-0.21,-0.79,-4.83,5,0,5,15
-0.23,-0.78,-4.88,5,0,4,15
-0.22,-0.78,-4.88,5,0,4,15
-0.25,-0.78,-4.89,5,0,4,15
-0.23,-0.78,-4.87,5,0,4,15
-0.24,-0.77,-4.88,5,0,4,15
-0.23,-0.79,-4.82,5,0,4,15
-0.23,-0.79,-4.82,5,0,4,15
-0.21,-0.80,-4.84,5,0,4,15
-0.12,-0.79,-4.77,5,0,4,15
-0.21,-0.84,-4.87,5,0,4,15
0.06,-0.65,-4.77,5,0,3,15
-0.23,-0.84,-4.82,5,0,4,15
-0.17,-0.87,-4.78,5,0,4,15
-0.21,-0.87,-4.76,5,0,4,15
-0.20,-0.87,-4.81,5,0,4,15
-0.22,-0.91,-4.87,5,0,4,15
-0.11,-0.95,-4.94,5,0,3,15
-0.30,-0.89,-5.04,5,0,4,15
-0.16,-0.93,-4.75,5,0,4,15
-0.33,-0.85,-4.27,5,0,4,15
-0.16,-0.90,-4.70,5,1,3,15
-0.21,-0.85,-5.04,5,1,4,15
-0.21,-0.86,-4.76,5,1,4,15
-0.21,-0.85,-4.87,5,1,4,15
-0.23,-0.83,-4.73,5,1,4,15
-0.53,-1.06,-9.15,5,1,96,15
-0.21,-0.78,-6.55,1,1,4,15
-0.43,-1.14,-6.01,1,1,37,15
-0.49,-0.61,-3.85,1,1,89,15
-0.53,-0.78,-4.09,1,1,107,15
-0.45,-0.76,-4.53,1,1,129,15
-0.28,-0.80,-5.15,1,1,153,15
-0.15,-0.85,-5.31,1,1,158,15
-0.15,-0.77,-5.14,1,1,154,15
-0.06,-0.86,-5.11,1,1,159,15
-0.21,-0.83,-4.81,1,1,168,15
-0.34,-0.77,-4.59,1,1,160,15
-0.32,-0.83,-4.62,1,1,154,15
-0.21,-0.80,-4.85,1,1,153,15
-0.21,-0.82,-5.00,1,1,146,15
-0.23,-0.82,-5.04,1,1,137,15
-0.12,-0.82,-4.89,1,1,140,15
-0.22,-0.82,-4.83,1,1,146,15
-0.32,-0.79,-4.75,1,1,162,15
-0.24,-0.81,-4.73,1,1,152,15
-0.29,-0.79,-4.83,1,1,132,15
-0.24,-0.80,-4.79,1,1,138,15
-0.23,-0.82,-4.89,1,1,154,15
-0.26,-0.79,-4.91,1,1,155,15
-0.22,-0.78,-4.84,1,1,153,15
-0.25,-0.80,-4.82,1,1,159,15
-0.31,-0.79,-4.79,1,1,172,15
-0.32,-0.79,-4.69,1,1,165,15
-0.25,-0.76,-4.85,1,1,149,15
-0.26,-0.79,-4.87,1,1,156,15
-0.20,-0.80,-4.98,1,1,170,15
-0.22,-0.79,-4.89,1,1,173,15
-0.04,-0.61,-4.79,1,1,177,15
-0.33,-0.84,-4.83,1,1,184,15
-0.28,-0.84,-4.69,1,1,200,15
-0.15,-0.89,-4.87,1,1,194,15
-0.25,-0.97,-4.95,1,1,190,15
-0.16,-0.92,-4.87,1,1,193,15
-0.11,-0.91,-4.63,1,1,202,15
-0.10,-0.96,-4.88,1,1,207,15
-0.14,-0.97,-4.82,1,1,215,15
-0.27,-1.39,-5.12,1,1,220,15
-0.20,-1.00,-4.75,1,1,225,15
0.00,-1.01,-4.85,1,1,218,15
0.08,-1.13,-4.82,1,1,227,15
0.00,-1.12,-4.74,1,1,234,15
0.06,-1.15,-4.75,1,1,243,15
0.06,-1.12,-4.77,1,1,249,15
0.03,-1.13,-4.73,1,1,258,15
0.02,-1.14,-4.78,1,1,257,15
0.06,-1.22,-5.02,1,1,253,15
0.03,-1.19,-4.85,1,1,265,15
0.02,-1.16,-4.71,1,1,271,15
0.01,-1.18,-4.72,1,1,277,15
0.04,-1.17,-4.77,1,1,283,15
0.04,-1.20,-4.74,1,1,289,15
-0.03,-1.16,-4.58,1,1,283,15
0.00,-1.20,-4.70,1,1,284,15
0.03,-1.21,-4.75,1,1,294,15
0.02,-1.19,-4.72,1,1,297,15
0.04,-1.22,-4.73,1,1,298,15
0.01,-1.18,-4.73,1,1,306,15
0.03,-1.21,-4.73,1,1,309,15
0.04,-1.20,-4.73,1,1,304,15
0.02,-1.20,-4.73,1,1,310,15
0.04,-1.19,-4.73,1,1,317,15
0.03,-1.22,-4.73,1,1,320,15
0.03,-1.21,-4.72,1,1,320,15
0.03,-1.21,-4.71,1,1,326,15
0.06,-1.24,-4.81,1,1,321,15
-0.10,-1.31,-4.72,1,1,322,15
0.03,-1.25,-4.77,1,1,328,15
0.02,-1.23,-4.75,1,1,329,15
0.01,-1.23,-4.71,1,1,331,15
0.02,-1.25,-4.74,1,1,333,15
0.02,-1.24,-4.74,1,1,336,15
0.04,-1.24,-4.74,1,1,335,15
0.03,-1.24,-4.73,1,1,338,15
0.03,-1.23,-4.73,1,1,341,15
0.03,-1.24,-4.73,1,1,341,15
0.03,-1.25,-4.73,1,1,342,15
0.03,-1.23,-4.72,1,1,343,15
0.03,-1.25,-4.72,1,1,343,15
0.03,-1.23,-4.75,1,1,345,15
0.02,-1.24,-4.73,1,1,345,15
0.03,-1.24,-4.71,1,1,348,15
0.03,-1.25,-4.73,1,1,348,15
0.03,-1.24,-4.72,1,1,349,15
0.03,-1.25,-4.73,1,1,350,15
0.02,-1.23,-4.72,1,1,351,15
0.02,-1.23,-4.71,1,1,351,15
0.01,-1.23,-4.71,1,1,352,15
-0.01,-1.22,-4.81,1,1,354,15
0.02,-1.23,-4.72,1,1,354,15
0.04,-1.22,-4.73,1,1,355,15
0.03,-1.22,-4.72,1,1,355,15
0.04,-1.21,-4.74,1,1,355,15
0.02,-1.21,-4.74,1,1,355,15
0.04,-1.22,-4.71,1,1,355,15
0.00,-1.20,-4.72,1,1,356,15
0.02,-1.21,-4.74,1,1,357,15
0.04,-1.21,-4.75,1,1,357,15
0.03,-1.20,-4.74,1,1,358,15
0.02,-1.19,-4.74,1,1,358,15
0.04,-1.20,-4.72,1,1,359,15
0.02,-1.20,-4.73,1,1,360,15
0.04,-1.19,-4.74,1,1,360,15
0.02,-1.18,-4.74,1,1,359,15
0.02,-1.20,-4.74,1,1,361,15
0.02,-1.20,-4.73,1,1,361,15
0.03,-1.21,-4.71,1,1,361,15
0.03,-1.21,-4.74,1,1,362,15
0.02,-1.18,-4.75,1,1,362,15
0.03,-1.20,-4.74,1,1,363,15
0.02,-1.21,-4.75,1,1,362,15
0.01,-1.20,-4.75,1,1,363,15
0.03,-1.22,-4.74,1,1,364,15
0.06,-1.20,-4.89,1,1,364,15
0.02,-1.20,-4.74,1,1,364,15
0.03,-1.19,-4.74,1,1,364,15
0.03,-1.21,-4.73,1,1,364,15
0.03,-1.20,-4.73,1,1,365,15
0.03,-1.19,-4.73,1,1,365,15
0.01,-1.20,-4.77,1,1,365,15
0.02,-1.21,-4.74,1,1,366,15
0.03,-1.19,-4.72,1,1,366,15
0.03,-1.19,-4.75,1,1,366,15
0.01,-1.20,-4.74,1,1,367,15
0.03,-1.19,-4.75,1,1,367,15
0.03,-1.19,-4.75,1,1,368,15
0.01,-1.21,-4.73,1,1,368,15
0.02,-1.18,-4.73,1,1,367,15
0.02,-1.19,-4.72,1,1,368,15
0.02,-1.20,-4.74,1,1,367,15
0.03,-1.19,-4.73,1,1,368,15
0.03,-1.19,-4.75,1,1,369,15
0.02,-1.19,-4.73,1,1,368,15
0.06,-1.19,-4.74,1,1,369,15
0.02,-1.22,-4.73,1,1,369,15
0.02,-1.19,-4.73,1,1,369,15
0.04,-1.20,-4.78,1,1,370,15
0.03,-1.21,-4.72,1,1,370,15
0.02,-1.19,-4.73,1,1,369,15
0.05,-1.20,-4.65,1,1,370,15
0.03,-1.21,-4.75,1,1,370,15
0.03,-1.20,-4.70,1,1,370,15
0.03,-1.19,-4.75,1,1,370,15
0.01,-1.20,-4.66,1,1,370,15
0.03,-1.20,-4.71,1,1,370,15
0.03,-1.20,-4.75,1,1,371,15
0.01,-1.20,-4.76,1,1,371,15
0.02,-1.19,-4.80,1,1,371,15
0.03,-1.19,-4.75,1,1,371,15
0.03,-1.19,-4.76,1,1,371,15
0.02,-1.20,-4.73,1,1,371,15
0.03,-1.22,-4.75,1,1,371,15
0.02,-1.20,-4.72,1,1,371,15
0.04,-1.19,-4.71,1,1,372,15
0.02,-1.21,-4.76,1,1,371,15
0.03,-1.21,-4.72,1,1,372,15
0.01,-1.21,-4.73,1,1,372,15
0.02,-1.18,-4.75,1,1,372,15
0.01,-1.20,-4.74,1,1,372,15
0.02,-1.22,-4.73,1,1,372,15
-0.00,-1.23,-4.80,1,1,372,15
0.01,-1.18,-4.73,1,1,372,15
0.03,-1.18,-4.72,1,1,373,15
-0.00,-1.20,-4.76,1,1,372,15
-0.00,-1.15,-4.56,1,1,373,15
0.03,-1.18,-4.71,1,1,372,15
0.02,-1.20,-4.78,1,1,372,15
0.02,-1.20,-4.72,1,1,373,15
0.04,-1.20,-4.73,1,1,373,15
0.02,-1.21,-4.72,1,1,373,15
0.01,-1.19,-4.75,1,1,373,15
0.01,-1.18,-4.76,1,1,373,15
0.03,-1.19,-4.75,1,1,373,15
0.00,-1.20,-4.74,1,1,373,15
0.03,-1.19,-4.74,1,1,373,15
0.00,-1.20,-4.74,1,1,374,15
0.01,-1.18,-4.74,1,1,373,15
0.00,-1.19,-4.73,1,1,373,15
0.06,-1.19,-4.73,1,1,373,15
0.03,-1.19,-4.86,1,1,373,15
0.01,-1.18,-4.71,1,1,374,15
0.03,-1.18,-4.79,1,1,375,15
0.01,-1.17,-4.78,1,1,374,15
0.01,-1.18,-4.71,1,1,373,15
0.01,-1.17,-4.74,1,1,374,15
0.02,-1.17,-4.74,1,1,375,15
-0.03,-1.16,-4.86,1,1,374,15
-0.02,-1.15,-4.78,1,1,375,15
0.01,-1.15,-4.77,1,1,375,15
-0.02,-1.13,-4.77,1,1,375,15
-0.04,-1.13,-4.73,1,1,375,15
0.41,-1.44,-4.96,7,1,376,15
0.04,-1.11,-5.09,7,1,374,15
-0.04,-1.09,-4.73,7,1,376,15
-0.06,-1.08,-4.72,7,1,375,15
-0.07,-1.05,-4.69,7,1,376,15
-0.05,-1.07,-4.74,7,1,376,15
-0.08,-1.05,-4.70,7,1,377,15
-0.01,-1.08,-4.62,7,1,377,15
-0.06,-1.08,-4.83,7,1,376,15
-0.06,-1.06,-4.65,7,1,377,15
-0.04,-1.07,-4.80,7,1,377,15
-0.03,-1.07,-4.77,7,1,376,15
-0.06,-1.07,-4.75,7,1,377,15
-0.04,-1.07,-4.79,7,1,378,15
-0.03,-1.08,-4.77,7,1,377,15
-0.05,-1.09,-4.75,7,1,377,15
-0.02,-1.07,-4.81,7,1,378,15
-0.04,-1.07,-4.75,7,1,378,15
-0.03,-1.07,-4.75,7,1,378,15
-0.04,-1.08,-4.78,7,1,378,15
-0.02,-1.09,-4.74,7,1,378,15
-0.05,-1.08,-4.76,7,1,378,15
-0.01,-1.09,-4.76,7,1,378,15
-0.05,-1.09,-4.75,7,1,377,15
-0.03,-1.08,-4.76,7,1,378,15
-0.03,-1.08,-4.76,7,1,378,15
-0.02,-1.09,-4.78,7,1,378,15
-0.06,-1.07,-4.75,7,1,378,15
-0.04,-1.10,-4.77,7,1,378,15
-0.02,-1.08,-4.78,7,1,378,15
-0.03,-1.08,-4.77,7,1,379,15
-0.03,-1.09,-4.77,7,1,378,15
-0.03,-1.08,-4.75,7,1,378,15
-0.04,-1.10,-4.75,7,1,379,15
-0.03,-1.07,-4.77,7,1,378,15
-0.03,-1.08,-4.78,7,1,379,15
-0.06,-1.07,-4.73,7,1,378,15
-0.06,-1.09,-4.78,7,1,378,15
-0.06,-1.07,-4.75,7,1,379,15
-0.04,-1.06,-4.77,7,1,379,15
-0.04,-1.06,-4.75,7,1,379,15
-0.04,-1.07,-4.75,7,1,379,15
-0.04,-1.08,-4.75,7,1,380,15
-0.03,-1.08,-4.80,7,1,379,15
-0.03,-1.08,-4.74,7,1,379,15
-0.06,-1.08,-4.74,7,1,380,15
-0.03,-1.09,-4.76,7,1,380,15
-0.03,-1.07,-4.76,7,1,380,15
-0.04,-1.08,-4.77,7,1,380,15
-0.02,-1.08,-4.77,7,1,380,15
-0.02,-1.07,-4.75,7,1,380,15
-0.04,-1.08,-4.78,7,1,380,15
-0.02,-1.06,-4.77,7,1,381,15
-0.03,-1.11,-4.71,7,1,380,15
-0.04,-1.09,-4.74,7,1,380,15
-0.06,-1.21,-4.91,7,1,381,15
0.04,-1.13,-4.76,7,1,381,15
-0.00,-1.14,-4.74,7,1,381,15
0.00,-1.12,-4.77,7,1,380,15
-0.13,-1.23,-4.71,7,1,381,15
0.03,-1.14,-4.77,7,1,380,15
-0.00,-1.11,-4.75,7,1,380,15
0.02,-1.13,-4.74,7,1,381,15
0.01,-1.12,-4.76,7,1,380,15
0.02,-1.14,-4.76,7,1,381,15
0.01,-1.14,-4.76,7,1,381,15
0.03,-1.13,-4.75,7,1,381,15
0.02,-1.13,-4.75,7,1,380,15
0.02,-1.12,-4.78,7,1,381,15
0.01,-1.14,-4.73,7,1,381,15
0.02,-1.13,-4.73,7,1,382,15
0.01,-1.11,-4.76,7,1,382,15
0.03,-1.13,-4.74,7,1,382,15
0.03,-1.14,-4.68,7,1,382,15
0.01,-1.11,-4.77,7,1,382,15
0.01,-1.13,-4.75,7,1,382,15
0.01,-1.13,-4.76,7,1,381,15
0.00,-1.14,-4.76,7,1,381,15
0.02,-1.11,-4.75,7,1,382,15
0.02,-1.11,-4.75,7,1,382,15
-0.01,-1.02,-5.00,7,1,234,15
0.21,-1.04,-4.58,7,1,4,15
0.62,-1.09,-5.24,7,1,4,15
0.32,-1.21,-5.05,7,0,4,15
-0.12,-1.18,-4.92,7,0,3,15
-0.03,-1.20,-4.72,7,0,4,15
0.02,-1.14,-4.77,7,0,3,15
0.01,-1.18,-4.73,7,0,4,15
0.02,-1.17,-4.72,7,0,4,15
-0.02,-1.14,-4.81,7,0,4,15
-0.01,-1.13,-4.74,7,0,4,15
-0.07,-1.11,-4.87,7,0,3,15
-0.06,-1.03,-4.81,7,0,3,15
0.32,-1.02,-4.65,7,0,3,15
-0.14,-1.04,-4.51,7,0,3,15
-0.06,-0.91,-4.81,7,0,3,15
-0.19,-0.78,-4.42,7,0,4,15
-0.29,-0.88,-4.71,7,0,4,15
-0.26,-0.96,-4.68,7,0,4,15
-0.13,-0.98,-5.19,7,0,4,15
-0.21,-0.93,-4.84,7,0,4,15
-0.22,-0.92,-4.78,7,0,4,15
-0.18,-0.96,-4.86,7,0,4,15
-0.19,-0.95,-4.87,7,0,4,15
-0.21,-0.94,-4.76,7,0,4,15
-0.22,-0.91,-4.77,7,0,3,15
-0.22,-0.93,-4.80,7,0,3,15
-0.29,-0.92,-4.77,7,0,4,15
-0.27,-0.95,-4.70,7,0,4,15
-0.21,-0.95,-4.76,7,0,4,15
-0.20,-0.94,-4.96,7,0,4,15
-0.22,-0.94,-4.78,7,0,4,15
-0.19,-0.92,-4.80,7,0,4,15
-0.21,-1.01,-4.90,7,0,5,15
-0.11,-0.97,-4.90,7,0,3,15
-0.20,-0.96,-4.79,7,0,4,15
-0.20,-0.98,-4.74,7,0,4,15
-0.19,-0.97,-4.87,7,0,4,15
-0.13,-0.98,-4.91,7,0,3,15
-0.21,-0.96,-4.76,7,0,3,15
-0.20,-0.97,-4.76,7,0,3,15
-0.21,-0.96,-4.80,7,0,4,15
-0.20,-0.95,-4.63,7,0,3,15
-0.21,-0.98,-4.72,7,0,4,15
-0.16,-0.96,-4.84,7,0,4,15
-0.25,-0.97,-4.77,7,0,4,15
-0.16,-0.97,-4.84,7,0,4,15
-0.18,-0.98,-4.85,7,0,3,15
-0.20,-0.97,-4.73,7,0,4,15
-0.22,-0.96,-4.72,7,0,4,15
-0.25,-0.98,-4.68,7,1,4,15
-0.30,-0.93,-4.62,7,1,3,15
-0.30,-0.92,-4.57,7,1,3,15
-0.19,-0.97,-4.81,7,1,4,15
-0.22,-0.74,-5.15,7,1,3,15
0.23,-1.54,-4.09,1,1,4,15
-0.87,-1.03,-3.34,1,1,76,15
-0.33,-1.14,-3.24,1,1,70,15
0.08,-1.11,-4.04,1,1,114,15
-0.04,-1.00,-5.78,1,1,141,15
0.20,-1.02,-6.34,1,1,173,15
0.08,-0.97,-6.21,1,1,155,15
-0.05,-0.97,-5.23,1,1,157,15
-0.30,-0.84,-4.22,1,1,149,15
-0.34,-0.92,-4.48,1,1,164,15
-0.31,-0.91,-4.62,1,1,170,15
-0.14,-0.98,-4.77,1,1,169,15
-0.22,-0.95,-4.89,1,1,180,15
-0.21,-0.96,-4.88,1,1,192,15
-0.09,-0.96,-4.99,1,1,184,15
-0.19,-0.93,-4.84,1,1,184,15
-0.12,-0.94,-4.76,1,1,185,15
-0.19,-0.97,-5.04,1,1,198,15
-0.25,-0.95,-4.74,1,1,201,15
-0.18,-0.95,-4.74,1,1,206,15
-0.17,-0.95,-4.86,1,1,214,15
-0.17,-0.95,-4.85,1,1,221,15
-0.24,-0.93,-4.69,1,1,225,15
-0.25,-0.95,-4.68,1,1,222,15
-0.21,-0.92,-4.82,1,1,228,15
-0.18,-0.94,-4.82,1,1,235,15
-0.19,-0.94,-4.77,1,1,243,15
-0.18,-0.94,-4.82,1,1,244,15
-0.20,-0.95,-4.71,1,1,259,15
-0.15,-0.99,-4.85,1,1,258,15
-0.17,-0.99,-5.05,1,1,262,15
-0.19,-1.11,-4.87,1,1,260,15
-0.01,-1.14,-4.63,1,1,267,15
-0.07,-1.12,-4.78,1,1,275,15
-0.05,-1.13,-4.75,1,1,282,15
-0.04,-1.16,-4.81,1,1,286,15
-0.07,-1.13,-4.68,1,1,291,15
-0.04,-1.14,-4.74,1,1,293,15
-0.03,-1.13,-4.80,1,1,291,15
-0.07,-1.12,-4.77,1,1,298,15
-0.11,-1.13,-4.76,1,1,300,15
-0.06,-1.13,-4.77,1,1,309,15
-0.03,-1.13,-4.76,1,1,309,15
-0.05,-1.11,-4.76,1,1,314,15
-0.05,-1.13,-4.74,1,1,318,15
-0.04,-1.13,-4.65,1,1,319,15
-0.05,-1.12,-4.72,1,1,321,15
-0.04,-1.14,-4.75,1,1,326,15
-0.06,-1.14,-4.76,1,1,330,15
-0.05,-1.13,-4.74,1,1,330,15
-0.06,-1.13,-4.75,1,1,336,15
-0.03,-1.12,-4.73,1,1,338,15
-0.09,-1.12,-4.72,1,1,340,15
-0.06,-1.13,-4.78,1,1,339,15
-0.11,-1.15,-4.52,1,1,344,15
-0.03,-1.20,-4.78,1,1,345,15
-0.02,-1.18,-4.75,1,1,347,15
-0.02,-1.25,-4.76,1,1,349,15
-0.03,-1.21,-4.72,1,1,351,15
0.03,-1.20,-4.65,1,1,350,15
0.02,-1.21,-4.75,1,1,351,15
0.08,-1.19,-4.64,1,1,355,15
0.00,-1.20,-4.69,1,1,355,15
0.05,-1.19,-4.81,1,1,358,15
0.00,-1.19,-4.72,1,1,357,15
0.00,-1.21,-4.72,1,1,361,15
0.01,-1.19,-4.80,1,1,360,15
-0.02,-1.20,-4.72,1,1,362,15
-0.00,-1.18,-4.73,1,1,363,15
0.04,-1.16,-4.70,1,1,365,15
-0.02,-1.19,-4.77,1,1,364,15
0.02,-1.20,-4.78,1,1,366,15
-0.01,-1.22,-4.73,1,1,366,15
-0.17,-1.18,-4.65,1,1,368,15
0.00,-1.20,-4.71,1,1,368,15
0.00,-1.21,-4.73,1,1,369,15
-0.01,-1.20,-4.54,1,1,369,15
0.00,-1.18,-4.76,1,1,369,15
0.02,-1.20,-4.67,1,1,369,15
0.02,-1.19,-4.73,1,1,371,15
0.02,-1.18,-4.75,1,1,371,15
0.01,-1.20,-4.72,1,1,371,15
0.01,-1.18,-4.74,1,1,372,15
0.01,-1.19,-4.78,1,1,373,15
0.02,-1.20,-4.73,1,1,373,15
0.05,-1.21,-4.90,1,1,373,15
0.00,-1.18,-4.76,1,1,374,15
0.01,-1.19,-4.69,1,1,373,15
0.02,-1.22,-4.74,1,1,374,15
0.01,-1.22,-4.73,1,1,375,15
0.01,-1.17,-4.72,1,1,375,15
0.09,-1.17,-4.65,1,1,376,15
0.02,-1.22,-4.70,1,1,376,15
0.02,-1.19,-4.74,1,1,377,15
0.02,-1.17,-4.72,1,1,377,15
0.00,-1.21,-4.71,1,1,377,15
0.02,-1.20,-4.76,1,1,379,15
0.02,-1.19,-4.74,1,1,378,15
-0.00,-1.19,-4.72,1,1,379,15
-0.01,-1.14,-4.75,1,1,379,15
0.03,-1.17,-4.78,1,1,379,15
-0.05,-1.17,-4.75,1,1,380,15
-0.01,-1.17,-4.74,1,1,380,15
0.02,-1.16,-4.77,1,1,380,15
-0.00,-1.18,-4.78,1,1,380,15
0.00,-1.19,-4.72,1,1,380,15
0.02,-1.17,-4.75,1,1,381,15
0.00,-1.19,-4.76,1,1,381,15
0.01,-1.19,-4.74,1,1,381,15
0.01,-1.18,-4.75,1,1,382,15
0.01,-1.18,-4.74,1,1,382,15
0.01,-1.19,-4.75,1,1,381,15
0.00,-1.19,-4.75,1,1,382,15
0.00,-1.19,-4.72,1,1,383,15
0.00,-1.17,-4.74,1,1,382,15
0.01,-1.19,-4.75,1,1,383,15
-0.00,-1.17,-4.73,1,1,383,15
0.01,-1.19,-4.75,1,1,383,15
0.01,-1.18,-4.73,1,1,382,15
-0.00,-1.16,-4.76,1,1,382,15
0.01,-1.18,-4.75,1,1,382,15
0.00,-1.17,-4.75,1,1,383,15
0.01,-1.17,-4.75,1,1,382,15
0.01,-1.18,-4.75,1,1,385,15
0.00,-1.16,-4.75,1,1,384,15
-0.00,-1.17,-4.75,1,1,384,15
0.00,-1.16,-4.72,1,1,383,15
-0.00,-1.16,-4.73,1,1,385,15
-0.03,-1.17,-4.73,1,1,386,15
-0.01,-1.16,-4.74,1,1,384,15
-0.00,-1.16,-4.75,1,1,385,15
0.00,-1.16,-4.74,1,1,386,15
-0.02,-1.15,-4.74,1,1,388,15
-0.02,-1.17,-4.73,1,1,386,15
-0.00,-1.16,-4.68,1,1,387,15
-0.01,-1.16,-4.77,1,1,388,15
-0.02,-1.15,-4.75,1,1,387,15
-0.02,-1.15,-4.76,1,1,387,15
-0.02,-1.15,-4.72,1,1,387,15
-0.02,-1.15,-4.74,1,1,386,15
-0.04,-1.16,-4.75,1,1,388,15
-0.02,-1.15,-4.75,1,1,387,15
-0.02,-1.15,-4.74,1,1,388,15
-0.04,-1.15,-4.70,1,1,388,15
-0.02,-1.14,-4.78,1,1,388,15
-0.04,-1.14,-4.76,1,1,388,15
-0.03,-1.13,-4.62,1,1,388,15
-0.01,-1.15,-4.73,1,1,388,15
-0.02,-1.14,-4.74,1,1,388,15
-0.05,-1.13,-4.75,1,1,389,15
-0.04,-1.12,-4.75,1,1,388,15
-0.06,-1.13,-4.74,1,1,389,15
-0.05,-1.13,-4.75,1,1,388,15
-0.03,-1.14,-4.75,1,1,388,15
-0.04,-1.11,-4.76,1,1,389,15
-0.04,-1.12,-4.75,1,1,389,15
-0.03,-1.13,-4.73,1,1,388,15
-0.02,-1.10,-4.85,1,1,391,15
-0.05,-1.12,-4.73,1,1,390,15
-0.04,-1.11,-4.72,1,1,388,15
-0.10,-1.11,-4.72,1,1,388,15
-0.06,-1.10,-4.74,1,1,390,15
-0.07,-1.11,-4.73,1,1,390,15
-0.09,-1.08,-4.70,1,1,390,15
-0.07,-1.10,-4.75,1,1,391,15
-0.06,-1.10,-4.76,1,1,392,15
-0.11,-1.11,-4.71,1,1,392,15
-0.11,-1.08,-4.77,1,1,391,15
-0.10,-1.09,-4.75,1,1,392,15
-0.09,-1.08,-4.73,1,1,391,15
-0.09,-1.07,-4.77,1,1,391,15
-0.08,-1.09,-4.77,1,1,392,15
-0.09,-1.07,-4.75,1,1,392,15
0.10,-1.10,-4.97,1,1,392,15
-0.12,-1.06,-4.71,1,1,391,15
-0.12,-1.07,-4.78,1,1,392,15
-0.08,-1.07,-4.76,1,1,392,15
-0.10,-1.04,-4.78,1,1,392,15
-0.10,-1.06,-4.76,1,1,392,15
-0.13,-1.06,-4.73,1,1,392,15
-0.15,-1.03,-4.69,1,1,392,15
-0.11,-1.04,-4.79,1,1,392,15
-0.09,-1.05,-4.78,1,1,392,15
-0.11,-1.04,-4.75,1,1,393,15
-0.11,-1.05,-4.76,1,1,392,15
-0.12,-1.04,-4.78,1,1,392,15
-0.07,-1.02,-4.93,1,1,392,15
-0.09,-1.03,-4.88,1,1,392,15
-0.05,-1.05,-4.73,1,1,393,15
-0.17,-0.99,-4.87,1,1,393,15
-0.15,-0.98,-4.83,1,1,393,15
-0.10,-0.99,-4.86,1,1,393,15
-0.16,-0.99,-4.87,1,1,393,15
-0.15,-0.98,-4.87,1,1,393,15
-0.13,-0.97,-4.84,1,1,392,15
-0.12,-1.00,-4.81,1,1,393,15
-0.14,-0.99,-4.78,1,1,393,15
-0.16,-0.98,-4.75,1,1,393,15
-0.14,-0.99,-4.75,1,1,392,15
-0.14,-0.98,-4.77,1,1,392,15
-0.13,-0.99,-4.85,1,1,393,15
-0.14,-0.96,-4.86,1,1,392,15
-0.11,-0.97,-4.95,1,1,393,15
-0.17,-0.95,-4.83,1,1,392,15
-0.17,-0.95,-4.87,1,1,393,15
-0.17,-0.94,-4.81,1,1,393,15
-0.19,-0.94,-4.79,1,1,392,15
-0.21,-0.94,-4.72,1,1,393,15
-0.17,-0.91,-5.02,1,1,393,15
-0.17,-0.90,-4.87,1,1,393,15
-0.21,-0.91,-4.74,1,1,393,15
-0.24,-0.89,-4.78,1,1,394,15
-0.22,-0.90,-4.85,1,1,393,15
-0.19,-0.88,-4.79,1,1,393,15
-0.20,-0.92,-4.82,1,1,393,15
-0.21,-0.90,-4.78,1,1,393,15
-0.20,-0.90,-4.82,1,1,393,15
-0.20,-0.91,-4.80,1,1,394,15
-0.15,-1.20,-5.27,1,1,394,15
-0.27,-1.02,-4.46,1,1,393,15
-0.19,-0.93,-4.82,1,1,394,15
-0.18,-0.91,-4.88,1,1,394,15
-0.20,-0.90,-4.82,1,1,394,15
-0.21,-0.89,-4.78,1,1,394,15
-0.22,-0.89,-4.83,1,1,394,15
-0.18,-0.91,-4.88,1,1,394,15
-0.20,-0.92,-4.86,1,1,394,15
-0.23,-0.90,-4.74,1,1,394,15
-0.21,-0.90,-4.74,1,1,394,15
-0.20,-0.89,-4.86,1,1,394,15
-0.21,-0.89,-4.82,1,1,393,15
-0.21,-0.92,-4.80,1,1,394,15
-0.15,-0.91,-4.68,1,1,393,15
-0.21,-0.88,-4.71,1,1,394,15
-0.25,-0.88,-4.79,1,1,394,15
-0.21,-0.89,-4.83,1,1,394,15
-0.22,-0.87,-4.85,1,1,394,15
-0.21,-0.87,-4.82,1,1,394,15
-0.21,-0.90,-4.81,1,1,394,15
-0.22,-0.88,-4.78,1,1,393,15
-0.21,-0.89,-4.86,1,1,394,15
-0.20,-0.89,-4.83,1,1,394,15
-0.23,-0.94,-4.84,1,1,394,15
-0.22,-0.90,-4.75,1,1,395,15
-0.13,-0.88,-4.86,1,1,394,15
-0.22,-0.92,-4.75,1,1,395,15
-0.20,-0.92,-4.71,1,1,395,15
-0.20,-0.94,-4.69,1,1,395,15
-0.19,-0.94,-4.88,1,1,395,15
-0.17,-0.92,-4.75,1,1,396,15
-0.19,-0.95,-4.78,1,1,395,15
-0.18,-0.94,-4.82,1,1,394,15
-0.22,-0.95,-4.81,1,1,395,15
-0.17,-0.92,-4.78,1,1,395,15
-0.18,-0.90,-4.99,1,1,395,15
-0.18,-0.93,-4.85,1,1,396,15
-0.10,-0.96,-4.87,1,1,395,15
-0.19,-0.95,-4.81,1,1,394,15
-0.17,-0.94,-4.79,1,1,395,15
-0.17,-0.96,-4.78,1,1,395,15
-0.18,-0.94,-4.76,1,1,396,15
-0.18,-0.91,-4.86,1,1,394,15
-0.23,-0.91,-4.79,1,1,395,15
-0.18,-0.91,-4.72,1,1,394,15
-0.19,-0.93,-4.85,1,1,395,15
-0.20,-0.91,-4.72,1,1,343,15
0.02,-0.84,-4.68,1,1,23,15
-0.44,-0.95,-4.35,1,1,3,15
-0.91,-0.73,-4.45,1,0,3,15
0.07,-1.11,-5.38,1,0,3,15
-0.19,-0.98,-4.85,1,0,3,15
-0.18,-0.98,-4.60,1,0,3,15
-0.15,-1.02,-4.69,1,0,3,15
-0.12,-1.02,-4.89,1,0,3,15
-0.13,-1.01,-4.75,1,0,3,15
-0.11,-0.98,-4.88,1,0,3,15
-0.11,-0.98,-4.87,1,0,3,15
-0.22,-1.00,-4.76,1,0,3,15
-0.14,-1.05,-4.92,1,0,3,15
-0.18,-1.02,-4.75,1,0,3,15
-0.23,-0.99,-4.89,1,0,3,15
-0.04,-0.97,-4.91,1,0,3,15
-0.20,-0.96,-4.90,1,0,3,15
-0.22,-1.01,-4.92,1,0,3,15
-0.17,-0.96,-4.90,1,0,3,15
-0.19,-0.96,-4.81,1,0,4,15
-0.21,-0.93,-4.63,1,0,3,15
-0.19,-0.96,-4.72,1,0,3,15
-0.21,-1.03,-4.77,1,0,4,15
-0.22,-0.99,-4.78,1,0,3,15
-0.18,-1.00,-4.84,1,0,3,15
-0.20,-0.96,-4.75,1,0,4,15
-0.16,-1.00,-4.78,1,0,3,15
-0.20,-1.01,-4.76,1,0,3,15
-0.14,-1.00,-4.81,1,0,3,15
-0.21,-1.01,-4.75,1,0,3,15
-0.13,-1.05,-4.81,1,0,4,15
-0.15,-1.06,-4.78,1,0,4,15
-0.13,-1.05,-4.78,1,0,4,15
-0.17,-1.06,-4.64,1,0,4,15
-0.11,-1.06,-4.79,1,0,4,15
-0.16,-1.06,-4.78,1,0,4,15
-0.09,-1.05,-4.98,1,0,4,15
-0.12,-1.06,-4.71,1,0,4,15
-0.15,-1.04,-4.79,1,0,4,15
-0.11,-1.06,-4.76,1,0,4,15
-0.13,-1.05,-4.74,1,0,3,15
-0.15,-1.04,-4.86,1,0,3,15
-0.11,-1.06,-4.79,1,0,4,15
-0.16,-1.07,-4.75,1,0,3,15
-0.14,-1.04,-4.77,1,0,3,15
-0.14,-1.05,-4.86,1,0,3,15
-0.13,-1.03,-4.76,1,1,4,15
-0.19,-1.02,-4.68,1,1,4,15
-0.34,2.02,3.34,7,1,124,15
0.43,-2.61,-6.29,1,1,4,15
0.44,-0.71,-5.75,1,1,71,15
0.02,-1.17,-6.93,1,1,90,15
0.07,-0.90,-5.40,1,1,123,15
-0.16,-0.83,-3.92,1,1,134,15
-0.46,-0.88,-3.81,1,1,145,15
-0.56,-0.88,-3.81,1,1,154,15
0.17,-0.52,-5.10,1,1,148,15
-0.02,-1.01,-5.36,1,1,137,15
0.06,-0.97,-5.43,1,1,146,15
-0.06,-0.98,-5.37,1,1,148,15
-0.06,-1.00,-4.92,1,1,155,15
-0.20,-0.92,-4.52,1,1,163,15
-0.37,-0.90,-4.51,1,1,167,15
-0.34,-1.04,-4.68,1,1,182,15
-0.12,-0.95,-4.72,1,1,181,15
-0.20,-0.96,-4.94,1,1,181,15
-0.20,-0.96,-4.81,1,1,175,15
-0.15,-0.97,-4.92,1,1,157,15
-0.17,-0.96,-4.91,1,1,127,15
-0.18,-0.97,-4.77,1,1,143,15
-0.18,-0.95,-4.72,1,1,152,15
-0.23,-0.96,-4.77,1,1,146,15
-0.15,-0.98,-4.79,1,1,132,15
-0.17,-0.93,-4.74,1,1,145,15
-0.20,-0.97,-4.79,1,1,161,15
-0.21,-1.00,-4.77,1,1,162,15
-0.15,-0.99,-4.81,1,1,149,15
-0.21,-0.98,-4.81,1,1,160,15
-0.13,-1.02,-4.77,1,1,167,15
-0.18,-1.03,-4.76,1,1,165,15
-0.15,-1.01,-4.70,1,1,157,15
-0.22,-1.04,-4.62,1,1,175,15
-0.17,-1.07,-4.53,1,1,183,15
-0.08,-1.11,-4.84,1,1,185,15
-0.02,-1.13,-4.71,1,1,183,15
-0.07,-1.11,-4.77,1,1,194,15
-0.01,-1.13,-4.90,1,1,200,15
-0.02,-1.15,-4.77,1,1,200,15
-0.02,-1.16,-4.66,1,1,208,15
-0.01,-1.17,-4.82,1,1,220,15
-0.02,-1.16,-4.72,1,1,223,15
-0.01,-1.16,-4.87,1,1,223,15
-0.08,-1.21,-4.68,1,1,237,15
0.01,-1.18,-4.87,1,1,237,15
-0.00,-1.21,-4.70,1,1,241,15
0.00,-1.21,-4.75,1,1,244,15
0.02,-1.20,-4.74,1,1,252,15
-0.00,-1.17,-4.75,1,1,251,15
0.00,-1.19,-4.73,1,1,258,15
-0.00,-1.18,-4.74,1,1,268,15
-0.00,-1.17,-4.75,1,1,267,15
-0.02,-1.18,-4.75,1,1,271,15
-0.00,-1.19,-4.75,1,1,279,15
-0.04,-1.18,-4.75,1,1,283,15
-0.04,-1.17,-4.76,1,1,282,15
0.04,-1.20,-4.67,1,1,292,15
0.02,-1.19,-4.78,1,1,293,15
0.00,-1.19,-4.74,1,1,290,15
0.00,-1.18,-4.75,1,1,294,15
-0.00,-1.19,-4.75,1,1,303,15
-0.03,-1.19,-4.73,1,1,303,15
-0.00,-1.18,-4.76,1,1,308,15
-0.02,-1.16,-4.75,1,1,311,15
-0.01,-1.15,-4.75,1,1,312,15
0.01,-1.17,-4.76,1,1,312,15
0.00,-1.16,-4.72,1,1,319,15
-0.03,-1.17,-4.73,1,1,321,15
0.00,-1.17,-4.76,1,1,321,15
-0.01,-1.16,-4.76,1,1,326,15
-0.03,-1.15,-4.73,1,1,328,15
-0.02,-1.16,-4.78,1,1,326,15
-0.02,-1.14,-4.76,1,1,329,15
-0.00,-1.14,-4.73,1,1,334,15
-0.00,-1.15,-4.74,1,1,334,15
-0.01,-1.15,-4.76,1,1,335,15
-0.03,-1.16,-4.74,1,1,338,15
-0.00,-1.14,-4.75,1,1,336,15
-0.01,-1.16,-4.75,1,1,337,15
-0.00,-1.16,-4.76,1,1,342,15
-0.01,-1.18,-4.74,1,1,343,15
-0.03,-1.15,-4.85,1,1,343,15
-0.01,-1.17,-4.74,1,1,345,15
-0.01,-1.16,-4.76,1,1,348,15
-0.02,-1.18,-4.74,1,1,347,15
-0.01,-1.16,-4.77,1,1,351,15
0.01,-1.17,-4.74,1,1,351,15
-0.01,-1.17,-4.75,1,1,351,15
0.00,-1.17,-4.73,1,1,351,15
-0.01,-1.18,-4.74,1,1,353,15
-0.03,-1.15,-4.72,1,1,354,15
0.00,-1.17,-4.74,1,1,354,15
-0.02,-1.16,-4.73,1,1,357,15
-0.02,-1.18,-4.73,1,1,356,15
-0.01,-1.16,-4.74,1,1,357,15
-0.01,-1.19,-4.72,1,1,358,15
-0.01,-1.15,-4.73,1,1,358,15
-0.03,-1.17,-4.73,1,1,360,15
-0.02,-1.14,-4.76,1,1,361,15
-0.03,-1.18,-4.73,1,1,361,15
0.00,-1.17,-4.74,1,1,362,15
-0.01,-1.17,-4.76,1,1,362,15
-0.03,-1.17,-4.73,1,1,362,15
-0.01,-1.17,-4.72,1,1,363,15
-0.03,-1.16,-4.71,1,1,363,15
-0.03,-1.15,-4.73,1,1,364,15
0.00,-1.15,-4.73,1,1,364,15
-0.03,-1.14,-4.73,1,1,366,15
-0.02,-1.16,-4.76,1,1,365,15
-0.01,-1.16,-4.76,1,1,365,15
-0.02,-1.15,-4.74,1,1,366,15
-0.01,-1.17,-4.74,1,1,366,15
-0.01,-1.17,-4.73,1,1,367,15
-0.01,-1.17,-4.75,1,1,367,15
-0.03,-1.14,-4.75,1,1,367,15
-0.01,-1.16,-4.74,1,1,368,15
-0.02,-1.17,-4.72,1,1,368,15
-0.02,-1.17,-4.74,1,1,368,15
-0.01,-1.17,-4.73,1,1,369,15
-0.02,-1.17,-4.73,1,1,369,15
-0.02,-1.17,-4.75,1,1,370,15
-0.02,-1.15,-4.71,1,1,369,15
-0.03,-1.15,-4.73,1,1,370,15
-0.03,-1.19,-4.74,1,1,369,15
-0.01,-1.15,-4.74,1,1,369,15
-0.01,-1.16,-4.73,1,1,370,15
-0.00,-1.16,-4.73,1,1,370,15
-0.00,-1.15,-4.74,1,1,370,15
-0.03,-1.16,-4.76,1,1,370,15
-0.00,-1.16,-4.75,1,1,370,15
-0.03,-1.16,-4.73,1,1,371,15
-0.03,-1.15,-4.74,1,1,371,15
-0.02,-1.16,-4.73,1,1,372,15
-0.02,-1.16,-4.74,1,1,371,15
-0.02,-1.14,-4.75,1,1,372,15
-0.03,-1.17,-4.74,1,1,373,15
-0.02,-1.15,-4.75,1,1,372,15
-0.04,-1.15,-4.77,1,1,373,15
-0.02,-1.14,-4.76,1,1,372,15
-0.04,-1.16,-4.74,1,1,373,15
-0.13,-1.18,-4.99,1,1,373,15
-0.04,-1.14,-4.74,1,1,373,15
-0.02,-1.16,-4.74,1,1,373,15
-0.02,-1.14,-4.74,1,1,372,15
-0.03,-1.14,-4.74,1,1,373,15
-0.03,-1.16,-4.74,1,1,374,15
-0.05,-1.16,-4.72,1,1,375,15
-0.04,-1.15,-4.76,1,1,374,15
-0.04,-1.16,-4.74,1,1,373,15
-0.04,-1.14,-4.73,1,1,374,15
-0.05,-1.15,-4.74,1,1,374,15
-0.02,-1.17,-4.73,1,1,375,15
-0.04,-1.14,-4.74,1,1,375,15
-0.03,-1.14,-4.75,1,1,374,15
-0.01,-1.16,-4.76,1,1,376,15
-0.03,-1.15,-4.75,1,1,375,15
-0.04,-1.14,-4.77,1,1,376,15
-0.01,-1.15,-4.88,1,1,375,15
-0.07,-1.13,-4.72,1,1,375,15
-0.04,-1.15,-4.74,1,1,374,15
-0.06,-1.12,-4.73,1,1,372,15
-0.04,-1.14,-4.73,1,1,370,15
-0.05,-1.13,-4.75,1,1,370,15
-0.03,-1.13,-4.75,1,1,369,15
-0.04,-1.12,-4.74,1,1,370,15
-0.03,-1.15,-4.76,1,1,370,15
-0.03,-1.13,-4.74,1,1,369,15
-0.07,-1.12,-4.74,1,1,370,15
-0.02,-1.14,-4.75,1,1,370,15
-0.04,-1.14,-4.76,1,1,370,15
-0.05,-1.12,-4.74,1,1,369,15
-0.04,-1.14,-4.75,1,1,371,15
-0.08,-1.15,-4.77,1,1,370,15
-0.06,-1.14,-4.74,1,1,369,15
-0.03,-1.15,-4.73,1,1,370,15
-0.04,-1.13,-4.75,1,1,369,15
-0.02,-1.12,-4.75,1,1,370,15
-0.02,-1.14,-4.73,1,1,370,15
-0.03,-1.15,-4.75,1,1,369,15
-0.03,-1.13,-4.73,1,1,370,15
-0.03,-1.14,-4.74,1,1,370,15
-0.02,-1.14,-4.75,1,1,370,15
-0.03,-1.13,-4.77,1,1,370,15
-0.04,-1.15,-4.74,1,1,369,15
-0.03,-1.13,-4.80,1,1,370,15
-0.04,-1.14,-4.73,1,1,370,15
-0.03,-1.15,-4.79,1,1,370,15
-0.01,-1.14,-4.78,1,1,370,15
-0.02,-1.14,-4.74,1,1,371,15
-0.03,-1.14,-4.74,1,1,372,15
0.01,-1.17,-4.80,1,1,372,15
-0.03,-1.15,-4.79,1,1,371,15
-0.04,-1.14,-4.72,1,1,371,15
-0.02,-1.14,-4.76,1,1,371,15
0.00,-1.13,-4.77,1,1,371,15
-0.04,-1.15,-4.76,1,1,372,15
-0.01,-1.15,-4.75,1,1,372,15
-0.02,-1.16,-4.75,1,1,372,15
-0.01,-1.15,-4.79,1,1,372,15
-0.03,-1.14,-4.74,1,1,372,15
-0.04,-1.14,-4.87,1,1,373,15
-0.01,-1.14,-4.73,1,1,373,15
-0.04,-1.13,-4.73,1,1,372,15
-0.03,-1.15,-4.75,1,1,373,15
-0.03,-1.13,-4.74,1,1,372,15
-0.02,-1.14,-4.75,1,1,372,15
0.00,-1.13,-4.77,1,1,373,15
-0.03,-1.15,-4.74,1,1,373,15
-0.02,-1.13,-4.76,1,1,373,15
-0.03,-1.15,-4.75,1,1,373,15
-0.03,-1.13,-4.74,1,1,373,15
-0.02,-1.15,-4.74,1,1,373,15
-0.02,-1.14,-4.77,1,1,373,15
-0.04,-1.14,-4.75,1,1,373,15
-0.03,-1.14,-4.74,1,1,374,15
-0.02,-1.15,-4.73,1,1,373,15
-0.03,-1.15,-4.77,1,1,373,15
-0.01,-1.16,-4.75,1,1,374,15
-0.01,-1.16,-4.73,1,1,374,15
-0.03,-1.14,-4.74,1,1,374,15
-0.01,-1.18,-4.76,1,1,374,15
-0.03,-1.18,-4.75,1,1,374,15
0.05,-1.18,-4.72,1,1,374,15
-0.01,-1.17,-4.72,1,1,374,15
0.06,-1.20,-4.71,1,1,374,15
-0.01,-1.16,-4.75,1,1,374,15
-0.01,-1.16,-4.76,1,1,375,15
-0.01,-1.21,-4.71,1,1,374,15
0.00,-1.19,-4.75,1,1,375,15
0.01,-1.22,-4.84,1,1,375,15
-0.00,-1.17,-4.50,1,1,375,15
0.02,-1.22,-4.72,1,1,376,15
0.00,-1.21,-4.72,1,1,375,15
0.02,-1.19,-4.75,1,1,375,15
-0.01,-1.19,-4.74,1,1,375,15
-0.00,-1.20,-4.75,1,1,376,15
0.02,-1.18,-4.75,1,1,375,15
0.01,-1.19,-4.74,1,1,374,15
0.01,-1.20,-4.77,1,1,376,15
0.00,-1.18,-4.75,1,1,376,15
0.01,-1.16,-4.74,1,1,376,15
-0.01,-1.17,-4.77,1,1,376,15
-0.09,-1.19,-4.75,1,1,375,15
0.00,-1.18,-4.78,1,1,375,15
-0.01,-1.18,-4.74,1,1,375,15
-0.00,-1.16,-4.73,1,1,376,15
0.00,-1.18,-4.73,1,1,376,15
-0.01,-1.17,-4.75,1,1,377,15
0.01,-1.17,-4.75,1,1,377,15
0.01,-1.18,-4.75,1,1,377,15
0.00,-1.17,-4.76,1,1,377,15
-0.00,-1.19,-4.74,1,1,377,15
0.00,-1.16,-4.67,1,1,377,15
-0.00,-1.18,-4.78,1,1,378,15
-0.02,-1.16,-4.74,1,1,377,15
-0.01,-1.17,-4.78,1,1,376,15
-0.00,-1.15,-4.76,1,1,377,15
-0.01,-1.16,-4.70,1,1,377,15
-0.02,-1.17,-4.76,1,1,378,15
-0.03,-1.16,-4.75,1,1,377,15
-0.04,-1.16,-4.73,1,1,378,15
-0.04,-1.15,-4.74,1,1,378,15
-0.02,-1.14,-4.74,1,1,378,15
-0.01,-1.15,-4.75,1,1,378,15
-0.04,-1.15,-4.71,1,1,379,15
-0.03,-1.16,-4.74,1,1,378,15
-0.04,-1.14,-4.72,1,1,378,15
-0.01,-1.14,-4.75,1,1,379,15
-0.02,-1.15,-4.72,1,1,378,15
-0.02,-1.16,-4.72,1,1,378,15
-0.02,-1.16,-4.77,1,1,378,15
-0.00,-1.17,-4.72,1,1,379,15
-0.02,-1.18,-4.74,1,1,379,15
-0.02,-1.19,-4.79,1,1,379,15
-0.02,-1.16,-4.76,1,1,379,15
-0.05,-1.17,-4.73,1,1,379,15
-0.01,-1.15,-4.75,1,1,379,15
-0.01,-1.17,-4.75,1,1,379,15
-0.00,-1.17,-4.76,1,1,379,15
0.00,-1.17,-4.73,1,1,378,15
-0.00,-1.16,-4.73,1,1,379,15
-0.02,-1.17,-4.78,1,1,379,15
-0.01,-1.17,-4.77,1,1,379,15
-0.02,-1.15,-4.75,1,1,380,15
-0.02,-1.14,-4.90,1,1,379,15
-0.06,-1.12,-4.71,1,1,379,15
-0.03,-1.13,-4.76,1,1,378,15
-0.02,-1.09,-4.66,1,1,379,15
-0.03,-1.13,-4.80,1,1,379,15
-0.07,-1.11,-4.77,1,1,379,15
-0.10,-1.05,-5.04,1,1,378,15
-0.09,-1.08,-4.69,1,1,379,15
-0.11,-1.06,-4.77,1,1,379,15
-0.11,-1.06,-4.65,1,1,379,15
-0.13,-1.05,-4.73,1,1,379,15
-0.20,-1.03,-4.83,1,1,379,15
-0.08,-1.02,-4.92,1,1,379,15
-0.17,-1.02,-4.75,1,1,379,15
-0.03,-0.99,-4.90,1,1,380,15
-0.07,-1.03,-4.99,1,1,380,15
-0.15,-1.01,-4.85,1,1,380,15
-0.16,-0.96,-4.80,1,1,379,15
-0.20,-0.96,-4.78,1,1,380,15
-0.20,-0.96,-4.76,1,1,380,15
-0.18,-0.95,-4.82,1,1,380,15
-0.19,-0.94,-4.88,1,1,380,15
-0.21,-0.91,-4.77,1,1,380,15
-0.22,-0.94,-4.75,1,1,380,15
-0.21,-0.96,-4.78,1,1,380,15
-0.21,-0.94,-4.77,1,1,380,15
-0.23,-0.94,-4.74,1,1,380,15
-0.20,-0.95,-4.92,1,1,380,15
-0.20,-0.96,-4.86,1,1,380,15
-0.20,-0.95,-4.78,1,1,381,15
-0.22,-0.95,-4.81,1,1,380,15
-0.19,-0.94,-4.86,1,1,381,15
-0.20,-0.94,-4.81,1,1,380,15
-0.19,-0.96,-4.85,1,1,380,15
-0.23,-0.94,-4.78,1,1,380,15
-0.19,-0.93,-4.81,1,1,381,15
-0.20,-0.92,-4.81,1,1,381,15
-0.22,-0.93,-4.78,1,1,381,15
-0.34,-0.88,-4.62,1,1,380,15
-0.21,-0.94,-4.85,1,1,381,15
-0.22,-0.92,-4.97,1,1,380,15
-0.21,-0.93,-4.87,1,1,381,15
-0.24,-0.96,-4.88,1,1,381,15
-0.26,-0.93,-4.77,1,1,381,15
-0.23,-0.92,-4.77,1,1,381,15
-0.27,-0.89,-4.97,1,1,381,15
-0.23,-0.91,-4.85,1,1,381,15
-0.26,-0.91,-4.73,1,1,382,15
-0.20,-0.91,-4.87,1,1,381,15
-0.28,-0.89,-4.73,1,1,381,15
-0.22,-0.90,-4.88,1,1,381,15
-0.25,-0.90,-4.89,1,1,381,15
-0.24,-0.88,-4.76,1,1,381,15
-0.20,-0.87,-4.98,1,1,381,15
-0.23,-0.90,-4.88,1,1,381,15
-0.24,-0.88,-4.78,1,1,381,15
-0.22,-0.88,-4.88,1,1,381,15
-0.24,-0.89,-4.80,1,1,382,15
-0.24,-0.88,-4.81,1,1,382,15
-0.23,-0.89,-4.77,1,1,382,15
-0.23,-0.88,-4.77,1,1,382,15
-0.23,-0.89,-4.87,1,1,382,15
-0.20,-0.90,-4.87,1,1,382,15
-0.20,-0.91,-4.81,1,1,382,15
-0.20,-0.89,-4.81,1,1,383,15
-0.22,-0.91,-4.84,1,1,382,15
-0.23,-0.91,-4.81,1,1,382,15
-0.20,-0.90,-4.84,1,1,383,15
-0.23,-0.92,-4.82,1,1,382,15
-0.23,-0.91,-4.78,1,1,383,15
-0.22,-0.91,-4.82,1,1,383,15
-0.24,-0.89,-4.75,1,1,382,15
-0.22,-0.93,-4.85,1,1,382,15
-0.21,-0.91,-4.81,1,1,382,15
-0.22,-0.91,-4.86,1,1,384,15
-0.24,-0.92,-4.76,1,1,384,15
-0.23,-0.90,-4.84,1,1,383,15
-0.22,-0.91,-4.79,1,1,384,15
-0.22,-0.90,-4.77,1,1,383,15
-0.23,-0.90,-4.85,1,1,383,15
-0.22,-0.92,-4.77,1,1,384,15
-0.21,-0.93,-4.82,1,1,384,15
-0.27,-0.91,-4.96,1,1,385,15
-0.21,-0.94,-4.78,1,1,384,15
-0.20,-0.94,-4.82,1,1,384,15
-0.22,-0.94,-4.95,1,1,385,15
-0.17,-0.95,-4.75,1,1,385,15
-0.21,-0.94,-4.82,1,1,385,15
-0.22,-0.93,-4.86,1,1,383,15
-0.23,-0.94,-4.79,1,1,385,15
-0.22,-0.92,-4.77,1,1,385,15
-0.21,-0.93,-4.83,1,1,384,15
-0.20,-0.91,-4.83,1,1,385,15
-0.23,-0.92,-4.76,1,1,386,15
-0.24,-0.90,-4.75,1,1,386,15
-0.21,-0.91,-4.81,1,1,386,15
-0.23,-0.92,-4.80,1,1,386,15
-0.23,-0.91,-4.80,1,1,385,15
-0.24,-0.87,-4.80,1,1,386,15
-0.23,-0.93,-4.76,1,1,387,15
-0.21,-0.91,-4.79,1,1,387,15
-0.24,-0.90,-4.84,1,1,386,15
-0.26,-0.94,-4.65,1,1,386,15
-0.17,-0.92,-4.77,1,1,387,15
-0.22,-0.91,-4.78,1,1,386,15
-0.23,-0.91,-4.79,1,1,387,15
-0.23,-0.91,-4.79,1,1,386,15
-0.22,-0.90,-4.76,1,1,386,15
-0.21,-0.93,-4.87,1,1,386,15
-0.21,-0.91,-4.85,1,1,387,15
-0.23,-0.90,-4.76,1,1,386,15
-0.22,-0.91,-4.85,1,1,386,15
-0.23,-0.91,-4.80,1,1,386,15
-0.23,-0.89,-4.81,1,1,387,15
-0.23,-0.89,-4.77,1,1,387,15
-0.21,-0.91,-4.82,1,1,387,15
-0.22,-0.90,-4.81,1,1,386,15
-0.22,-0.88,-4.76,1,1,386,15
-0.23,-0.88,-4.78,1,1,387,15
-0.23,-0.91,-4.79,1,1,388,15
-0.23,-0.90,-4.79,1,1,387,15
-0.19,-0.91,-4.84,1,1,387,15
-0.24,-0.91,-4.79,1,1,388,15
-0.25,-0.91,-4.66,1,1,387,15
-0.20,-0.92,-4.84,1,1,386,15
-0.21,-0.93,-4.78,1,1,388,15
-0.20,-0.94,-4.84,1,1,387,15
-0.26,-0.94,-4.85,1,1,387,15
-0.19,-0.93,-4.87,1,1,388,15
-0.23,-0.92,-4.75,1,1,388,15
-0.20,-0.94,-4.78,1,1,388,15
-0.17,-0.95,-4.87,1,1,389,15
-0.18,-0.95,-4.87,1,1,389,15
-0.16,-0.97,-4.78,1,1,388,15
-0.19,-0.95,-4.81,1,1,387,15
-0.25,-1.07,-5.08,1,1,388,15
-0.26,-0.97,-4.74,1,1,388,15
-0.16,-0.97,-4.89,1,1,388,15
-0.18,-0.96,-4.84,1,1,388,15
-0.20,-0.97,-4.83,1,1,389,15
-0.19,-0.95,-4.81,1,1,388,15
-0.19,-0.95,-4.83,1,1,390,15
-0.19,-0.96,-4.77,1,1,389,15
-0.20,-0.95,-4.77,1,1,388,15
-0.18,-0.97,-4.83,1,1,389,15
-0.19,-0.95,-4.79,1,1,388,15
-0.19,-0.96,-4.76,1,1,389,15
-0.23,-0.96,-4.61,1,1,389,15
-0.18,-0.96,-4.74,1,1,388,15
-0.18,-0.97,-4.85,1,1,389,15
-0.20,-0.95,-4.75,1,1,388,15
-0.18,-0.96,-4.76,1,1,388,15
-0.20,-0.96,-4.78,1,1,389,15
-0.20,-0.98,-4.81,1,1,388,15
-0.19,-0.95,-4.82,1,1,388,15
-0.19,-0.96,-4.78,1,1,389,15
-0.19,-0.97,-4.78,1,1,390,15
-0.17,-0.97,-4.81,1,1,389,15
-0.19,-0.96,-4.84,1,1,389,15
-0.18,-0.95,-4.78,1,1,389,15
-0.18,-0.96,-4.76,1,1,390,15
-0.20,-0.95,-4.79,1,1,390,15
-0.18,-0.96,-4.81,1,1,390,15
-0.18,-0.97,-4.76,1,1,390,15
-0.19,-0.95,-4.78,1,1,390,15
-0.18,-0.96,-4.98,1,1,391,15
-0.21,-0.96,-4.76,1,1,391,15
-0.20,-0.96,-4.79,1,1,390,15
-0.19,-0.96,-4.82,1,1,390,15
-0.18,-0.95,-4.81,1,1,389,15
-0.19,-0.94,-4.79,1,1,388,15
-0.20,-0.95,-4.77,1,1,389,15
-0.20,-0.94,-4.78,1,1,389,15
-0.20,-0.96,-4.75,1,1,390,15
-0.16,-0.96,-4.84,1,1,390,15
-0.18,-0.96,-4.77,1,1,389,15
-0.21,-0.97,-4.81,1,1,389,15
-0.19,-0.97,-4.76,1,1,389,15
-0.16,-0.95,-4.77,1,1,390,15
-0.22,-0.96,-4.74,1,1,389,15
-0.22,-1.03,-5.01,1,1,163,15
0.93,-1.41,-5.88,1,1,36,15
-0.57,-0.91,-4.73,1,1,4,15
-0.11,-0.93,-4.78,1,0,3,15
-0.16,-1.04,-4.98,1,0,3,15
-0.17,-1.06,-4.45,1,0,3,15
-0.45,-0.92,-4.76,1,0,3,15
-0.31,-0.89,-4.74,1,0,3,15
-0.22,-0.94,-4.89,1,0,4,15
-0.27,-0.95,-4.79,1,0,3,15
-0.34,-0.97,-5.15,1,0,3,15
-0.28,-0.92,-4.87,1,0,4,15
-0.25,-0.92,-4.71,1,0,3,15
-0.24,-0.92,-4.88,1,0,3,15
-0.25,-0.95,-4.87,1,0,3,15
-0.30,-0.92,-4.73,1,0,4,15
-0.27,-0.90,-4.72,1,0,4,15
-0.26,-0.93,-4.82,1,0,3,15
-0.28,-0.92,-4.82,1,0,4,15
-0.24,-0.91,-4.70,1,0,4,15
-0.30,-0.92,-4.86,1,0,4,15
-0.28,-0.91,-4.77,1,0,4,15
-0.28,-0.92,-4.88,1,0,4,15
-0.29,-0.92,-4.78,1,0,4,15
-0.28,-0.93,-4.75,1,0,4,15
-0.31,-0.91,-4.76,1,0,3,15
-0.29,-0.94,-4.85,1,0,4,15
-0.27,-0.91,-4.81,1,0,4,15
-0.26,-0.92,-4.83,1,0,4,15
-0.24,-0.92,-4.84,1,0,3,15
-0.26,-0.93,-4.80,1,0,4,15
-0.27,-0.91,-4.75,1,0,3,15
-0.28,-0.93,-4.77,1,0,4,15
-0.27,-0.94,-4.81,1,0,3,15
-0.29,-0.94,-4.78,1,0,3,15
-0.20,-0.95,-4.75,1,0,4,15
-0.28,-0.96,-4.80,1,0,4,15
-0.28,-0.94,-4.79,1,0,3,15
-0.27,-0.95,-4.86,1,0,4,15
-0.27,-0.95,-4.79,1,0,4,15
-0.26,-0.93,-4.78,1,0,4,15
-0.25,-0.97,-4.79,1,0,3,15
-0.24,-0.95,-4.83,1,0,3,15
-0.25,-0.96,-4.79,1,0,4,15
-0.26,-0.97,-4.81,1,0,4,15
-0.24,-0.95,-4.77,1,0,4,15
-0.27,-0.95,-4.78,1,0,4,15
-0.28,-0.97,-4.75,1,0,4,15
-0.23,-0.97,-4.78,1,0,4,15
-0.25,-0.96,-4.83,1,0,4,15
-0.25,-0.96,-4.82,1,0,4,15
-0.22,-0.96,-4.85,1,0,4,15
-0.14,-0.96,-4.90,1,0,4,15
-0.28,-0.93,-4.84,1,1,4,15
-0.28,-0.90,-4.58,1,1,4,15
-1.44,-1.22,-5.35,1,1,3,15
-0.02,-1.46,-4.13,1,1,3,15
-1.09,-0.98,-3.71,1,1,5,15
-0.57,-1.19,-4.03,1,1,55,15
-0.77,-0.62,-2.87,1,1,71,15
-0.73,-0.97,-4.32,1,1,107,15
-0.48,-0.93,-4.45,1,1,115,15
-0.28,-0.90,-4.54,1,1,125,15
-0.20,-1.02,-5.16,1,1,102,15
-0.07,-0.92,-5.20,1,1,102,15
-0.22,-1.00,-5.03,1,1,112,15
-0.21,-0.91,-4.87,1,1,128,15
-0.32,-0.96,-4.85,1,1,149,15
-0.28,-0.91,-4.65,1,1,147,15
-0.28,-0.93,-4.83,1,1,134,15
-0.28,-0.97,-4.82,1,1,138,15
-0.26,-0.93,-4.87,1,1,137,15
-0.31,-0.96,-4.82,1,1,146,15
-0.30,-0.96,-4.77,1,1,161,15
-0.29,-0.93,-4.84,1,1,152,15
-0.28,-0.93,-4.75,1,1,147,15
-0.29,-0.96,-4.81,1,1,155,15
-0.27,-0.96,-4.78,1,1,173,15
-0.30,-0.94,-4.78,1,1,166,15
-0.25,-0.95,-4.79,1,1,167,15
-0.27,-0.92,-4.77,1,1,181,15
-0.28,-0.95,-4.80,1,1,192,15
-0.27,-0.93,-4.79,1,1,173,15
-0.27,-0.94,-4.82,1,1,172,15
-0.24,-0.94,-4.80,1,1,183,15
-0.33,-0.96,-4.83,1,1,193,15
-0.26,-0.95,-4.78,1,1,191,15
-0.26,-0.96,-4.83,1,1,205,15
-0.28,-0.95,-4.85,1,1,210,15
-0.23,-0.98,-4.78,1,1,209,15
-0.27,-0.96,-4.75,1,1,204,15
-0.18,-0.98,-4.76,1,1,222,15
-0.26,-1.01,-4.71,1,1,225,15
-0.20,-1.03,-4.89,1,1,230,15
-0.09,-1.10,-4.82,1,1,243,15
-0.14,-1.06,-4.78,1,1,245,15
-0.17,-1.09,-4.57,1,1,236,15
-0.11,-1.14,-4.88,1,1,243,15
-0.08,-1.13,-4.75,1,1,257,15
-0.07,-1.09,-4.76,1,1,258,15
0.17,-1.19,-4.66,1,1,264,15
-0.02,-1.19,-4.59,1,1,272,15
-0.08,-1.17,-4.78,1,1,273,15
0.04,-1.11,-4.86,1,1,273,15
0.06,-1.57,-4.63,1,1,282,15
0.00,-1.25,-4.81,1,1,288,15
-0.05,-1.22,-4.70,1,1,290,15
-0.06,-1.24,-4.69,1,1,296,15
-0.04,-1.24,-4.70,1,1,300,15
-0.03,-1.24,-4.73,1,1,293,15
-0.06,-1.24,-4.69,1,1,302,15
-0.04,-1.24,-4.73,1,1,309,15
-0.04,-1.24,-4.71,1,1,311,15
-0.13,-1.19,-4.87,1,1,317,15
-0.07,-1.21,-4.73,1,1,320,15
-0.05,-1.21,-4.69,1,1,317,15
-0.05,-1.22,-4.68,1,1,319,15
-0.06,-1.22,-4.79,1,1,327,15
-0.06,-1.19,-4.71,1,1,325,15
-0.07,-1.21,-4.74,1,1,329,15
-0.06,-1.21,-4.75,1,1,334,15
-0.07,-1.20,-4.73,1,1,333,15
-0.09,-1.22,-4.76,1,1,336,15
-0.10,-1.20,-4.79,1,1,342,15
-0.07,-1.21,-4.69,1,1,341,15
-0.07,-1.19,-4.75,1,1,342,15
-0.06,-1.19,-4.71,1,1,345,15
-0.09,-1.20,-4.72,1,1,344,15
-0.07,-1.18,-4.75,1,1,346,15
-0.12,-1.16,-4.73,1,1,350,15
-0.08,-1.15,-4.83,1,1,351,15
-0.08,-1.16,-4.78,1,1,352,15
-0.09,-1.15,-4.79,1,1,353,15
-0.12,-1.14,-4.74,1,1,353,15
-0.11,-1.15,-4.74,1,1,353,15
-0.06,-1.17,-4.73,1,1,356,15
-0.12,-1.18,-4.70,1,1,358,15
-0.10,-1.16,-4.77,1,1,358,15
-0.11,-1.16,-4.73,1,1,360,15
-0.10,-1.15,-4.74,1,1,360,15
-0.11,-1.16,-4.67,1,1,360,15
-0.13,-1.15,-4.71,1,1,362,15
-0.10,-1.16,-4.77,1,1,363,15
-0.10,-1.16,-4.77,1,1,363,15
-0.11,-1.16,-4.71,1,1,364,15
-0.10,-1.17,-4.76,1,1,364,15
-0.11,-1.15,-4.75,1,1,366,15
-0.11,-1.17,-4.74,1,1,367,15
-0.11,-1.18,-4.77,1,1,367,15
-0.14,-1.17,-4.70,1,1,368,15
-0.12,-1.17,-4.72,1,1,369,15
-0.14,-1.16,-4.75,1,1,368,15
-0.11,-1.12,-4.75,1,1,369,15
-0.10,-1.14,-4.96,1,1,369,15
-0.15,-1.12,-4.72,1,1,370,15
-0.13,-1.13,-4.70,1,1,370,15
-0.15,-1.12,-4.74,1,1,371,15
-0.14,-1.12,-4.80,1,1,371,15
-0.15,-1.13,-4.74,1,1,370,15
-0.13,-1.10,-4.70,1,1,372,15
-0.16,-1.13,-4.76,1,1,372,15
-0.15,-1.12,-4.73,1,1,371,15
-0.15,-1.12,-4.73,1,1,373,15
-0.16,-1.10,-4.77,1,1,373,15
-0.15,-1.11,-4.76,1,1,373,15
-0.19,-1.09,-4.71,1,1,374,15
-0.17,-1.09,-4.61,1,1,373,15
-0.17,-1.06,-4.79,1,1,373,15
-0.16,-1.08,-4.74,1,1,374,15
-0.17,-1.06,-4.85,1,1,375,15
-0.29,-1.11,-4.86,1,1,375,15
-0.21,-1.04,-4.82,1,1,376,15
-0.21,-1.05,-4.77,1,1,375,15
-0.22,-1.03,-4.77,1,1,374,15
-0.23,-1.04,-4.77,1,1,375,15
-0.20,-1.05,-4.75,1,1,377,15
-0.23,-1.03,-4.75,1,1,377,15
-0.21,-1.05,-4.76,1,1,376,15
-0.23,-1.03,-4.74,1,1,377,15
-0.23,-1.03,-4.77,1,1,377,15
-0.22,-1.00,-4.86,1,1,376,15
-0.28,-1.00,-4.73,1,1,378,15
-0.30,-0.92,-4.77,1,1,377,15
-0.27,-0.96,-4.68,1,1,378,15
-0.28,-0.97,-4.83,1,1,377,15
-0.28,-0.94,-4.76,1,1,376,15
-0.28,-0.94,-4.84,1,1,378,15
-0.28,-0.95,-4.78,1,1,378,15
-0.31,-0.94,-4.83,1,1,378,15
-0.34,-0.91,-4.81,1,1,378,15
-0.34,-0.90,-4.82,1,1,378,15
-0.34,-0.91,-4.78,1,1,379,15
-0.40,-0.87,-4.70,1,1,378,15
-0.33,-0.88,-4.78,1,1,379,15
-0.35,-0.89,-4.81,1,1,378,15
-0.32,-0.90,-4.84,1,1,378,15
-0.33,-0.89,-4.80,1,1,380,15
-0.34,-0.88,-4.86,1,1,379,15
-0.35,-0.90,-4.77,1,1,379,15
-0.31,-0.89,-4.78,1,1,379,15
-0.36,-0.91,-4.75,1,1,379,15
-0.32,-0.92,-4.85,1,1,380,15
-0.32,-0.91,-4.84,1,1,380,15
-0.32,-0.91,-4.76,1,1,380,15
-0.31,-0.94,-4.82,1,1,380,15
-0.30,-0.91,-4.79,1,1,380,15
-0.28,-0.94,-4.87,1,1,380,15
-0.30,-0.91,-4.81,1,1,380,15
-0.29,-0.94,-4.84,1,1,380,15
-0.30,-0.93,-4.79,1,1,380,15
-0.31,-0.92,-4.79,1,1,380,15
-0.29,-0.94,-4.83,1,1,380,15
-0.32,-0.91,-4.80,1,1,381,15
-0.31,-0.92,-4.83,1,1,380,15
-0.23,-0.97,-4.84,1,1,381,15
-0.31,-0.93,-4.75,1,1,381,15
-0.29,-0.92,-4.78,1,1,382,15
-0.31,-0.92,-4.80,1,1,381,15
-0.31,-0.92,-4.88,1,1,381,15
-0.31,-0.92,-4.83,1,1,382,15
-0.28,-0.92,-4.79,1,1,382,15
-0.30,-0.92,-4.83,1,1,381,15
-0.32,-0.91,-4.81,1,1,381,15
-0.33,-0.91,-4.75,1,1,382,15
-0.30,-0.91,-4.76,1,1,381,15
-0.33,-0.90,-4.78,1,1,382,15
-0.32,-0.91,-4.79,1,1,382,15
-0.31,-0.91,-4.80,1,1,382,15
-0.33,-0.91,-4.75,1,1,383,15
-0.32,-0.91,-4.82,1,1,382,15
-0.31,-0.93,-4.80,1,1,381,15
-0.26,-0.94,-4.67,1,1,383,15
-0.31,-0.91,-4.80,1,1,382,15
-0.31,-0.92,-4.81,1,1,383,15
-0.32,-0.93,-4.78,1,1,383,15
-0.33,-0.90,-4.82,1,1,383,15
-0.29,-0.91,-4.81,1,1,382,15
-0.33,-0.92,-4.77,1,1,383,15
-0.31,-0.91,-4.82,1,1,383,15
-0.29,-0.92,-4.79,1,1,383,15
-0.32,-0.91,-4.79,1,1,382,15
-0.28,-0.92,-4.80,1,1,383,15
-0.31,-0.93,-4.77,1,1,384,15
-0.30,-0.90,-4.80,1,1,383,15
-0.30,-0.92,-4.78,1,1,386,15
-0.30,-0.94,-4.82,1,1,384,15
-0.29,-0.93,-4.78,1,1,383,15
-0.31,-0.94,-4.79,1,1,386,15
-0.29,-0.94,-4.81,1,1,384,15
-0.30,-0.93,-4.76,1,1,382,15
-0.30,-0.94,-4.77,1,1,384,15
-0.30,-0.93,-4.77,1,1,383,15
-0.31,-0.94,-4.78,1,1,385,15
-0.31,-0.94,-4.77,1,1,384,15
-0.29,-0.94,-4.82,1,1,384,15
-0.32,-0.96,-4.81,1,1,386,15
-0.30,-0.96,-4.77,1,1,386,15
-0.31,-0.96,-4.79,1,1,387,15
-0.31,-0.93,-4.78,1,1,385,15
-0.28,-0.95,-4.81,1,1,386,15
-0.24,-0.93,-4.86,1,1,387,15
-0.08,-1.00,-4.84,1,1,387,15
-0.29,-0.93,-4.85,1,1,386,15
-0.29,-0.95,-4.77,1,1,387,15
-0.30,-0.94,-4.74,1,1,387,15
-0.29,-0.94,-4.79,1,1,387,15
-0.29,-0.95,-4.77,1,1,388,15
-0.29,-0.96,-4.79,1,1,389,15
-0.24,-0.96,-4.84,1,1,388,15
-0.27,-0.96,-4.77,1,1,377,15
-0.29,-0.94,-4.82,1,1,329,15
-0.42,-0.82,-5.18,1,1,232,15
-0.05,-0.44,-3.78,1,1,9,15
-0.20,-1.01,-4.67,1,0,4,15
-0.17,-1.11,-4.61,1,0,4,15
-0.24,-1.01,-4.63,1,0,4,15
-0.22,-0.99,-5.07,1,0,3,15
-0.30,-0.96,-4.80,1,0,3,15
-0.27,-0.96,-4.74,1,0,3,15
-0.25,-0.97,-4.71,1,0,3,15
-0.32,-0.96,-4.74,1,0,3,15
-0.27,-0.97,-4.81,1,0,4,15
-0.27,-1.00,-4.79,1,0,3,15
-0.30,-0.95,-4.75,1,0,3,15
-0.18,-0.97,-4.76,1,0,3,15
-0.30,-0.96,-4.84,1,0,4,15
-0.31,-0.95,-4.75,1,0,3,15
-0.31,-0.94,-4.82,1,0,3,15
-0.29,-0.94,-4.78,1,0,3,15
-0.28,-0.93,-4.73,1,0,3,15
-0.31,-0.95,-4.77,1,0,3,15
-0.29,-0.96,-4.75,1,0,3,15
-0.31,-0.95,-4.76,1,0,3,15
-0.34,-0.94,-4.71,1,0,3,15
-0.30,-0.96,-4.74,1,0,3,15
-0.31,-0.96,-4.73,1,0,4,15
-0.29,-0.96,-4.85,1,0,4,15
-0.26,-0.98,-4.84,1,0,3,15
-0.28,-0.97,-4.75,1,0,3,15
-0.31,-0.96,-4.80,1,0,4,15
-0.28,-0.96,-4.76,1,0,3,15
-0.34,-0.96,-4.81,1,0,3,15
-0.30,-0.96,-4.86,1,0,3,15
-0.33,-0.95,-4.84,1,1,4,15
-0.28,-0.95,-4.86,1,1,4,15
-0.25,-0.97,-4.76,1,1,4,15
-0.29,-0.97,-4.79,1,1,4,15
0.20,-0.01,-0.38,1,1,11,15
-0.40,-0.66,-4.24,1,1,3,15
0.53,-1.21,-5.03,1,1,15,15
-0.46,-0.61,-3.22,7,1,65,15
-0.83,-0.82,-3.29,7,1,111,15
-0.39,-0.91,-3.92,7,1,132,15
-0.40,-0.94,-4.52,7,1,141,15
-0.36,-0.91,-4.86,7,1,147,15
-0.25,-0.97,-4.95,7,1,158,15
-0.36,-0.95,-4.93,7,1,167,15
-0.23,-0.93,-4.99,7,1,168,15
-0.35,-0.91,-4.87,7,1,167,15
-0.30,-0.87,-4.76,7,1,166,15
-0.32,-0.89,-4.91,7,1,155,15
-0.40,-0.96,-4.81,7,1,158,15
-0.20,-0.88,-4.55,7,1,159,15
-0.37,-0.95,-4.84,7,1,180,15
-0.42,-0.93,-4.79,7,1,164,15
-0.30,-0.97,-4.84,7,1,173,15
-0.30,-0.96,-4.90,7,1,166,15
-0.26,-0.95,-4.66,7,1,180,15
-0.27,-0.99,-4.76,7,1,183,15
-0.28,-0.98,-4.75,7,1,191,15
-0.28,-0.99,-4.63,7,1,196,15
-0.30,-1.01,-4.71,7,1,207,15
-0.25,-0.98,-4.72,7,1,201,15
-0.24,-1.03,-4.85,7,1,206,15
-0.24,-1.01,-4.71,7,1,214,15
-0.24,-1.02,-4.79,7,1,227,15
-0.25,-1.04,-4.69,7,1,226,15
-0.65,-0.91,-4.73,7,1,225,15
-0.25,-1.03,-4.75,7,1,233,15
-0.28,-1.03,-4.65,7,1,241,15
-0.24,-1.06,-4.77,7,1,241,15
-0.26,-1.04,-4.80,7,1,242,15
-0.21,-1.06,-4.76,7,1,256,15
-0.26,-1.13,-4.95,7,1,262,15
-0.14,-1.20,-4.90,7,1,264,15
-0.02,-1.27,-4.46,7,1,264,15
-0.43,-1.12,-5.01,7,1,275,15
-0.12,-1.17,-4.70,7,1,275,15
-0.14,-1.20,-4.78,7,1,276,15
-0.42,-1.13,-4.68,7,1,282,15
0.10,-1.39,-4.58,7,1,291,15
-0.12,-1.26,-4.70,7,1,292,15
-0.02,-1.28,-4.71,7,1,293,15
-0.15,-1.28,-4.73,7,1,302,15
-0.03,-1.28,-4.68,7,1,303,15
-0.15,-1.23,-4.61,7,1,301,15
-0.18,-1.24,-4.63,7,1,305,15
-0.15,-1.24,-4.80,7,1,313,15
-0.15,-1.23,-4.73,7,1,317,15
-0.13,-1.23,-4.74,7,1,317,15
-0.11,-1.24,-4.74,7,1,321,15
-0.15,-1.25,-4.76,7,1,326,15
-0.12,-1.25,-4.74,7,1,323,15
-0.13,-1.24,-4.72,7,1,327,15
-0.13,-1.26,-4.73,7,1,334,15
-0.12,-1.25,-4.72,7,1,336,15
-0.14,-1.24,-4.72,7,1,335,15
-0.06,-1.28,-4.92,7,1,337,15
-0.07,-1.30,-4.53,7,1,342,15
-0.11,-1.30,-4.73,7,1,340,15
-0.11,-1.30,-4.69,7,1,343,15
-0.10,-1.28,-4.71,7,1,349,15
-0.09,-1.30,-4.74,7,1,352,15
-0.09,-1.30,-4.73,7,1,349,15
-0.07,-1.30,-4.70,7,1,352,15
-0.11,-1.28,-4.72,7,1,355,15
-0.09,-1.29,-4.73,7,1,353,15
-0.09,-1.31,-4.71,7,1,356,15
-0.13,-1.30,-4.77,7,1,359,15
-0.09,-1.30,-4.71,7,1,361,15
-0.11,-1.30,-4.69,7,1,361,15
-0.04,-1.30,-4.69,7,1,362,15
-0.08,-1.30,-4.73,7,1,364,15
-0.11,-1.30,-4.72,7,1,362,15
-0.11,-1.29,-4.72,7,1,364,15
-0.11,-1.30,-4.71,7,1,367,15
-0.11,-1.30,-4.72,7,1,367,15
-0.10,-1.29,-4.70,7,1,369,15
-0.11,-1.30,-4.71,7,1,370,15
-0.11,-1.28,-4.72,7,1,369,15
-0.08,-1.28,-4.71,7,1,369,15
-0.10,-1.27,-4.71,7,1,370,15
-0.10,-1.29,-4.70,7,1,373,15
-0.11,-1.28,-4.70,7,1,373,15
-0.12,-1.28,-4.70,7,1,374,15
-0.10,-1.29,-4.73,7,1,375,15
-0.11,-1.27,-4.70,7,1,376,15
-0.12,-1.28,-4.69,7,1,375,15
-0.14,-1.29,-4.68,7,1,377,15
-0.12,-1.28,-4.70,7,1,378,15
-0.11,-1.27,-4.71,7,1,377,15
-0.14,-1.26,-4.66,7,1,378,15
-0.12,-1.24,-4.79,7,1,379,15
-0.13,-1.23,-4.73,7,1,379,15
-0.14,-1.24,-4.77,7,1,380,15
-0.11,-1.21,-4.71,7,1,380,15
-0.14,-1.21,-4.78,7,1,381,15
-0.17,-1.16,-4.72,7,1,381,15
-0.11,-1.18,-4.86,7,1,381,15
-0.18,-1.16,-4.69,7,1,382,15
-0.19,-1.12,-4.75,7,1,382,15
-0.21,-1.11,-4.85,7,1,382,15
-0.21,-1.11,-4.75,7,1,383,15
-0.25,-1.11,-4.72,7,1,383,15
-0.24,-1.09,-4.75,7,1,383,15
-0.37,-1.11,-4.75,7,1,384,15
-0.19,-1.04,-4.79,7,1,384,15
-0.28,-1.01,-4.78,7,1,383,15
-0.30,-1.02,-4.73,7,1,384,15
-0.29,-0.99,-4.75,7,1,385,15
-0.38,-0.99,-4.70,7,1,384,15
-0.36,-0.91,-4.70,7,1,386,15
-0.28,-0.91,-4.91,7,1,387,15
-0.35,-0.88,-4.78,7,1,386,15
-0.34,-0.85,-4.85,7,1,388,15
-0.35,-0.86,-4.88,7,1,388,15
-0.39,-0.82,-4.85,7,1,389,15
-0.43,-0.83,-4.79,7,1,388,15
-0.44,-0.81,-4.82,7,1,388,15
-0.43,-0.80,-4.79,7,1,389,15
-0.43,-0.81,-4.91,7,1,390,15
-0.41,-0.82,-4.78,7,1,389,15
-0.45,-0.82,-4.78,7,1,389,15
-0.41,-0.75,-4.73,7,1,390,15
-0.44,-0.83,-4.78,7,1,391,15
-0.40,-0.87,-5.17,7,1,391,15
-0.33,-0.85,-4.84,7,1,391,15
-0.39,-0.86,-4.80,7,1,392,15
-0.39,-0.86,-4.85,7,1,391,15
-0.34,-0.86,-4.81,7,1,391,15
-0.38,-0.89,-4.80,7,1,392,15
-0.37,-0.88,-4.82,7,1,392,15
-0.38,-0.88,-4.82,7,1,391,15
-0.37,-0.89,-4.84,7,1,392,15
-0.32,-0.88,-4.84,7,1,393,15
-0.39,-0.87,-4.80,7,1,392,15
-0.37,-0.87,-4.89,7,1,393,15
-0.40,-0.86,-4.81,7,1,392,15
-0.38,-0.83,-4.85,7,1,392,15
-0.45,-0.89,-5.21,7,1,392,15
-0.41,-0.88,-4.71,7,1,392,15
-0.43,-0.86,-4.72,7,1,392,15
-0.30,-0.75,-4.62,7,1,391,15
-0.40,-0.84,-4.84,7,1,392,15
-0.37,-0.87,-4.90,7,1,392,15
-0.40,-0.84,-4.85,7,1,392,15
-0.41,-0.83,-4.77,7,1,392,15
-0.37,-0.55,-4.85,7,1,393,15
-0.41,-0.84,-4.85,7,1,392,15
-0.42,-0.82,-4.87,7,1,392,15
-0.41,-0.82,-4.87,7,1,393,15
-0.42,-0.82,-4.81,7,1,393,15
-0.42,-0.81,-4.77,7,1,393,15
-0.43,-0.79,-4.84,7,1,394,15
-0.43,-0.78,-4.86,7,1,393,15
-0.46,-0.78,-4.79,7,1,394,15
-0.46,-0.78,-4.85,7,1,394,15
-0.44,-0.78,-4.88,7,1,394,15
-0.45,-0.78,-4.89,7,1,394,15
-0.45,-0.77,-4.84,7,1,394,15
-0.47,-0.76,-4.82,7,1,395,15
-0.45,-0.77,-4.85,7,1,395,15
-0.47,-0.76,-4.90,7,1,394,15
-0.48,-0.78,-4.82,7,1,395,15
-0.46,-0.77,-4.84,7,1,395,15
-0.45,-0.78,-4.82,7,1,394,15
-0.48,-0.77,-4.86,7,1,395,15
-0.45,-0.77,-4.84,7,1,395,15
-0.46,-0.77,-4.85,7,1,395,15
-0.46,-0.76,-4.83,7,1,395,15
-0.45,-0.78,-4.85,7,1,395,15
-0.47,-0.76,-4.84,7,1,396,15
-0.45,-0.77,-4.86,7,1,396,15
-0.44,-0.77,-4.80,7,1,395,15
-0.44,-0.78,-4.71,7,1,396,15
-0.47,-0.76,-4.84,7,1,396,15
-0.46,-0.79,-4.89,7,1,395,15
-0.46,-0.78,-4.78,7,1,396,15
-0.45,-0.78,-4.78,7,1,396,15
-0.46,-0.77,-4.82,7,1,396,15
-0.47,-0.76,-4.77,7,1,396,15
-0.45,-0.78,-4.85,7,1,397,15
-0.44,-0.77,-4.85,7,1,397,15
-0.46,-0.76,-4.75,7,1,398,15
-0.45,-0.77,-4.79,7,1,397,15
-0.48,-0.76,-4.90,7,1,397,15
-0.47,-0.76,-4.84,7,1,397,15
-0.44,-0.77,-4.86,7,1,397,15
-0.44,-0.78,-4.85,7,1,397,15
-0.44,-0.76,-4.85,7,1,397,15
-0.43,-0.76,-4.82,7,1,399,15
-0.44,-0.77,-4.84,7,1,397,15
-0.44,-0.78,-4.84,7,1,397,15
-0.42,-0.77,-4.86,7,1,377,15
-0.49,-0.76,-4.85,7,1,259,15
-0.27,-0.89,-5.03,7,1,141,15
-0.53,-0.71,-4.44,7,1,4,15
-0.46,-0.72,-4.69,7,1,3,15
-0.60,-0.65,-4.77,7,0,4,15
-0.21,-0.93,-4.28,7,0,4,15
-0.20,-0.99,-4.86,7,0,4,15
-0.31,-0.94,-4.72,7,0,4,15
-0.40,-0.92,-4.67,7,0,4,15
-0.38,-0.85,-4.77,7,0,4,15
-0.38,-0.86,-4.75,7,0,3,15
-0.40,-0.82,-4.75,7,0,4,15
-0.40,-0.77,-4.82,7,0,4,15
-0.45,-0.78,-4.80,7,0,3,15
-0.42,-0.78,-4.88,7,0,4,15
-0.49,-0.77,-4.64,7,0,3,15
-0.45,-0.77,-4.70,7,0,4,15
-0.41,-0.79,-4.96,7,0,3,15
-0.45,-0.78,-4.85,7,0,4,15
-0.47,-0.77,-4.95,7,0,4,15
-0.45,-0.79,-4.85,7,0,3,15
-0.45,-0.78,-4.88,7,0,4,15
-0.46,-0.75,-4.83,7,0,4,15
-0.45,-0.77,-4.84,7,0,4,15
-0.45,-0.76,-4.78,7,0,4,15
-0.45,-0.79,-4.77,7,0,4,15
-0.42,-0.78,-4.90,7,0,4,15
-0.39,-0.79,-4.91,7,0,4,15
-0.45,-0.81,-5.01,7,0,4,15
-0.39,-0.79,-4.74,7,0,4,15
-0.43,-0.79,-4.87,7,0,4,15
-0.43,-0.81,-4.81,7,0,4,15
-0.44,-0.81,-4.85,7,0,3,15
-0.31,-0.86,-4.82,7,0,3,15
-0.39,-0.85,-4.97,7,0,3,15
-0.41,-0.85,-4.78,7,0,4,15
-0.39,-0.89,-4.66,7,0,4,15
-0.40,-0.91,-4.69,7,0,3,15
-0.31,-0.94,-4.81,7,0,3,15
-0.78,-1.04,-4.91,7,0,4,15
-0.29,-0.94,-4.85,7,0,4,15
0.13,-1.34,-4.83,1,0,4,15
-0.32,-0.96,-5.08,1,0,4,15
-0.28,-0.96,-4.87,1,1,4,15
-0.35,-0.94,-4.91,1,1,4,15
-0.31,-0.92,-4.75,1,1,4,15
-0.33,-0.93,-4.77,1,1,4,15
-0.34,-0.93,-4.75,1,1,4,15
0.96,-5.52,-15.50,1,1,66,15
-0.41,-0.61,-5.42,1,1,4,15
-0.72,-1.44,-8.11,7,1,36,15
-0.11,-0.78,-5.33,7,1,73,15
-0.60,-0.89,-4.68,7,1,122,15
-0.92,-1.04,-5.54,7,1,147,15
-0.46,-0.78,-3.61,7,1,155,15
-0.45,-0.89,-4.70,7,1,137,15
-0.41,-0.90,-4.86,7,1,173,15
-0.28,-0.85,-4.98,7,1,169,15
-0.34,-0.94,-4.92,7,1,166,15
-0.36,-0.89,-4.89,7,1,179,15
-0.30,-0.93,-4.91,7,1,185,15
-0.35,-0.95,-4.59,7,1,174,15
-0.44,-0.91,-4.74,7,1,170,15
-0.31,-0.86,-4.88,7,1,132,15
-0.36,-0.91,-4.92,7,1,135,15
-0.31,-0.88,-4.78,7,1,138,15
-0.36,-0.91,-4.74,7,1,142,15
-0.30,-0.96,-4.75,7,1,151,15
-0.30,-0.94,-4.75,7,1,165,15
-0.33,-1.01,-4.75,7,1,179,15
-0.24,-0.92,-4.77,7,1,184,15
-0.37,-1.04,-4.82,7,1,179,15
-0.24,-0.95,-4.74,7,1,150,15
-0.26,-1.01,-4.80,7,1,157,15
-0.28,-1.01,-4.83,7,1,165,15
-0.28,-1.02,-4.79,7,1,174,15
-0.28,-0.99,-4.77,7,1,177,15
-0.26,-1.01,-4.82,7,1,194,15
-0.28,-1.02,-4.76,7,1,200,15
-0.29,-1.00,-4.82,7,1,192,15
-0.23,-1.01,-4.77,7,1,176,15
-0.26,-1.01,-4.78,7,1,194,15
-0.23,-1.02,-4.89,7,1,196,15
-0.26,-1.03,-4.78,7,1,206,15
-0.27,-1.03,-4.71,7,1,208,15
-0.23,-1.01,-4.83,7,1,224,15
-0.31,-1.00,-4.73,7,1,215,15
-0.29,-0.97,-4.85,7,1,209,15
-0.26,-0.98,-4.78,7,1,217,15
-0.29,-0.98,-4.78,7,1,232,15
-0.30,-0.96,-4.84,7,1,228,15
-0.30,-0.98,-4.76,7,1,239,15
-0.33,-0.95,-4.95,7,1,250,15
-0.28,-1.00,-4.87,7,1,250,15
-0.39,-0.98,-4.65,7,1,241,15
-0.32,-0.97,-4.75,7,1,254,15
-0.28,-0.98,-4.75,7,1,265,15
-0.05,-1.06,-4.90,7,1,266,15
-0.22,-1.02,-4.77,7,1,274,15
-0.27,-0.99,-4.83,7,1,283,15
-0.06,-1.07,-4.76,7,1,281,15
-0.25,-1.09,-4.81,7,1,280,15
-0.23,-1.04,-4.58,7,1,292,15
-0.45,-1.50,-5.35,7,1,294,15
-0.48,-1.22,-4.25,1,1,294,15
-0.17,-0.98,-4.29,1,1,302,15
0.15,-1.37,-4.64,1,1,308,15
0.05,-1.44,-4.77,1,1,305,15
0.01,-1.45,-4.67,1,1,307,15
0.02,-1.43,-4.70,1,1,313,15
0.02,-1.41,-4.66,1,1,319,15
0.04,-1.42,-4.77,1,1,320,15
-0.01,-1.41,-4.61,1,1,328,15
-0.21,-1.64,-4.64,1,1,329,15
-0.05,-1.35,-4.67,1,1,326,15
-0.05,-1.36,-4.69,1,1,335,15
0.09,-1.38,-4.69,1,1,338,15
0.00,-1.35,-4.68,1,1,337,15
-0.01,-1.36,-4.72,1,1,342,15
0.03,-1.37,-4.73,1,1,347,15
0.06,-1.37,-4.68,1,1,345,15
0.00,-1.38,-4.72,1,1,347,15
0.00,-1.37,-4.71,1,1,353,15
0.01,-1.39,-4.67,1,1,353,15
0.01,-1.40,-4.69,1,1,354,15
0.02,-1.38,-4.66,1,1,361,15
0.02,-1.39,-4.69,1,1,361,15
0.03,-1.37,-4.70,1,1,357,15
0.01,-1.38,-4.69,1,1,362,15
-0.01,-1.36,-4.78,1,1,365,15
0.01,-1.36,-4.63,1,1,367,15
-0.00,-1.36,-4.70,1,1,368,15
-0.04,-1.34,-4.60,1,1,370,15
-0.04,-1.32,-4.67,1,1,371,15
-0.04,-1.32,-4.70,1,1,372,15
0.05,-1.34,-4.67,1,1,374,15
0.01,-1.35,-4.70,1,1,375,15
-0.05,-1.33,-4.58,1,1,376,15
0.06,-1.33,-4.74,1,1,379,15
0.07,-1.35,-4.75,1,1,380,15
0.02,-1.34,-4.70,1,1,380,15
-0.01,-1.34,-4.64,1,1,383,15
0.01,-1.34,-4.66,1,1,383,15
0.01,-1.34,-4.70,1,1,382,15
0.01,-1.35,-4.70,1,1,386,15
0.01,-1.36,-4.70,1,1,390,15
0.03,-1.36,-4.71,1,1,389,15
0.00,-1.34,-4.68,1,1,391,15
0.01,-1.34,-4.69,1,1,392,15
0.03,-1.33,-4.64,1,1,391,15
0.02,-1.35,-4.71,1,1,393,15
0.01,-1.35,-4.70,1,1,393,15
0.00,-1.36,-4.71,1,1,393,15
0.09,-1.36,-4.68,1,1,394,15
0.02,-1.36,-4.69,1,1,395,15
0.00,-1.34,-4.71,1,1,395,15
-0.04,-1.32,-4.69,1,1,395,15
0.02,-1.35,-4.72,1,1,396,15
0.08,-1.36,-4.70,1,1,397,15
0.03,-1.32,-4.65,1,1,397,15
-0.00,-1.33,-4.71,1,1,398,15
0.02,-1.34,-4.70,1,1,399,15
0.12,-1.34,-4.72,1,1,400,15
-0.00,-1.34,-4.68,1,1,400,15
-0.00,-1.32,-4.70,1,1,400,15
0.22,-1.36,-4.68,1,1,400,15
0.04,-1.33,-4.67,1,1,400,15
0.00,-1.32,-4.68,1,1,401,15
-0.19,-1.25,-4.70,1,1,401,15
-0.00,-1.31,-4.65,1,1,402,15
0.00,-1.28,-4.68,1,1,402,15
-0.02,-1.29,-4.69,1,1,402,15
0.02,-1.29,-4.73,1,1,403,15
0.04,-1.30,-4.80,1,1,403,15
-0.00,-1.26,-4.74,1,1,403,15
0.00,-1.26,-4.74,1,1,403,15
-0.02,-1.26,-4.76,1,1,404,15
0.08,-1.26,-4.70,1,1,404,15
-0.09,-1.26,-4.61,1,1,404,15
-0.06,-1.24,-4.67,1,1,404,15
0.04,-1.25,-4.63,1,1,404,15
-0.00,-1.23,-4.59,1,1,405,15
-0.02,-1.21,-4.75,1,1,405,15
-0.06,-1.18,-4.80,1,1,405,15
-0.01,-1.18,-4.92,1,1,406,15
-0.00,-1.17,-4.92,1,1,405,15
-0.24,-1.12,-4.75,1,1,405,15
-0.07,-1.10,-4.86,1,1,406,15
-0.08,-1.10,-4.76,1,1,406,15
-0.02,-1.11,-5.12,1,1,405,15
-0.28,-1.03,-4.67,1,1,406,15
0.08,-1.10,-4.70,1,1,406,15
-0.15,-1.03,-4.83,1,1,407,15
-0.74,-1.48,-4.83,1,1,407,15
0.11,-1.16,-5.12,1,1,407,15
-0.63,-1.40,-5.11,1,1,407,15
0.31,-0.01,-4.32,1,1,406,15
-0.16,-1.05,-4.78,1,1,406,15
-0.16,-1.04,-4.84,1,1,406,15
-0.17,-1.05,-4.74,1,1,407,15
-0.24,-1.02,-4.77,1,1,408,15
-0.48,-0.92,-4.83,1,1,407,15
-0.29,-0.96,-4.76,1,1,407,15
-0.27,-0.96,-4.69,1,1,408,15
-0.28,-0.97,-4.90,1,1,408,15
-0.25,-0.99,-5.05,1,1,407,15
-0.26,-1.01,-4.89,1,1,409,15
-0.36,-0.99,-4.74,1,1,408,15
-0.21,-1.03,-4.64,1,1,410,15
-0.23,-1.03,-4.77,1,1,409,15
-0.23,-1.02,-4.79,1,1,409,15
-0.24,-1.02,-4.74,1,1,410,15
-0.27,-0.99,-4.74,1,1,410,15
-0.24,-1.01,-4.76,1,1,409,15
-0.23,-1.00,-4.75,1,1,410,15
-0.25,-0.99,-4.87,1,1,410,15
-0.21,-1.02,-4.87,1,1,410,15
-0.23,-0.99,-4.82,1,1,411,15
-0.21,-1.02,-4.80,1,1,410,15
-0.23,-1.02,-4.82,1,1,411,15
-0.23,-1.01,-4.80,1,1,411,15
-0.23,-1.02,-4.76,1,1,410,15
-0.22,-1.01,-4.75,1,1,411,15
-0.22,-1.00,-4.75,1,1,410,15
-0.25,-1.01,-4.71,1,1,410,15
-0.23,-1.01,-4.76,1,1,410,15
-0.19,-1.00,-4.82,1,1,410,15
-0.24,-1.00,-4.77,1,1,411,15
-0.22,-1.01,-4.80,1,1,410,15
-0.24,-0.99,-4.84,1,1,410,15
-0.25,-1.00,-4.75,1,1,411,15
-0.24,-0.98,-4.77,1,1,411,15
-0.24,-1.02,-4.79,1,1,411,15
-0.26,-1.02,-4.84,1,1,411,15
-0.23,-1.02,-4.84,1,1,411,15
-0.23,-0.99,-4.85,1,1,411,15
-0.23,-1.00,-4.80,1,1,412,15
-0.25,-1.02,-4.88,1,1,411,15
-0.24,-0.99,-4.82,1,1,410,15
-0.25,-0.99,-4.86,1,1,411,15
-0.28,-0.99,-4.88,1,1,409,15
-0.32,-0.98,-4.68,1,1,410,15
-0.49,-0.92,-4.81,1,1,410,15
-0.24,-1.01,-4.59,1,1,411,15
-0.24,-0.96,-4.87,1,1,410,15
-0.25,-0.98,-4.77,1,1,411,15
-0.21,-1.00,-4.85,1,1,411,15
-0.26,-0.97,-4.80,1,1,411,15
-0.25,-0.99,-4.80,1,1,411,15
-0.26,-1.01,-4.68,1,1,411,15
-0.27,-0.98,-4.77,1,1,411,15
-0.28,-0.97,-4.79,1,1,412,15
-0.25,-0.99,-4.75,1,1,412,15
-0.29,-0.98,-4.82,1,1,412,15
-0.13,-0.92,-4.79,1,1,412,15
-0.29,-0.98,-4.78,1,1,412,15
-0.27,-0.99,-4.79,1,1,413,15
-0.27,-1.02,-4.78,1,1,412,15
-0.25,-0.98,-4.78,1,1,412,15
-0.19,-1.02,-4.66,1,1,412,15
-0.37,-1.00,-4.60,1,1,412,15
-0.23,-0.99,-4.90,1,1,413,15
-0.25,-0.97,-4.74,1,1,413,15
-0.26,-0.98,-4.76,1,1,412,15
-0.28,-0.99,-4.86,1,1,413,15
